17.77
17.7701108135
17.7717027708
17.7730331506
17.7766678622
17.7806002604
17.7845231327
17.7885052934
17.7924736665
17.7964397185
17.8005330991
17.804743068
17.8087410243
17.812636743
17.8162636129
17.8200193039
17.8237316921
17.827292125
17.8311701524
17.8350080531
17.8388230664
17.8423890782
17.846783529
17.8512968603
17.8515652597
17.8536926048
17.8575714974
17.8613366016
17.8652983101
17.8696679496
17.8737118282
17.8774620267
17.8813908005
17.8845190068
17.8877510319
17.8913738278
17.895078455
17.8989028757
17.9026655493
17.9067185474
17.9106064342
17.9142592558
17.9179358989
17.921833988
17.9256062361
17.9289537832
17.9325297702
17.9362572102
17.9395911645
17.9433674634
17.9469038966
17.9505739103
17.9542535349
17.9573921863
17.9610346872
17.9646485892
17.968189501
17.9717677061
17.9755951502
17.9793691348
17.9829556948
17.9865204024
17.9901028962
17.9937802264
17.9974733214
18.0012895467
18.0052496464
18.0092211662
18.013050743
18.0168245735
18.0207884595
18.0247256356
18.0288412919
18.0325903654
18.0365001276
18.0404710186
18.0446249362
18.0487686437
18.0524411152
18.0561555094
18.0599742315
18.0637257478
18.06417025
18.06742485
18.0714918626
18.0752865177
18.0780565902
18.0784875074
18.0812708892
18.0852462545
18.0857659457
18.0892425105
18.0929050515
18.0967841127
18.1005980878
18.1044417024
18.1084099779
18.1120569132
18.1157229579
18.1194497268
18.1232559922
18.1267580921
18.1305036522
18.1341233555
18.137953373
18.1416675901
18.145108252
18.1486884724
18.1491906641
18.1501017668
18.1538993454
18.1575645316
18.158010381
18.1612795387
18.1650948323
18.1692804264
18.1731486765
18.1769878577
18.1810017641
18.1847103835
18.1884790826
18.1924856371
18.1929545228
18.1961571345
18.1998507737
18.2037507728
18.2079865847
18.2084677419
18.2118878076
18.2158712445
18.216382745
18.2197029193
18.223652958
18.2241684246
18.2275724352
18.2314535293
18.2354305804
18.2358494207
18.2390797066
18.2429830101
18.2435040577
18.2470446438
18.2475588235
18.2511110863
18.2550363724
18.258913028
18.2629507986
18.2668346503
18.2706361175
18.2741507879
18.2778482708
18.2817133182
18.2822111025
18.2857880029
18.2892502487
18.2922153211
18.2935923595
18.2973823122
18.2978575071
18.3013473403
18.3052375716
18.3093421181
18.3133723161
18.3176434951
18.3216518125
18.3253649355
18.3294654611
18.3335910812
18.3374921564
18.3415370678
18.3420412783
18.3456009339
18.3495722421
18.3536732434
18.3578061142
18.3616841742
18.3656785123
18.3697774195
18.3732354295
18.3736907149
18.3771431065
18.3811869961
18.3851738828
18.3892391507
18.3897764158
18.3932369676
18.3973859674
18.400947291
18.4046185862
18.4083648956
18.4088273549
18.4124892134
18.416646146
18.4206522379
18.4246058033
18.4285337035
18.4296574018
18.4309067776
18.434890272
18.4387724851
18.439253971
18.4427753223
18.4468340742
18.4473245768
18.4509616803
18.4549409647
18.458867182
18.4592733054
18.4628713114
18.4633122973
18.4668548042
18.4673585621
18.4707532037
18.4746548189
18.4788221913
18.4826035767
18.48665895
18.4907982545
18.4913271059
18.4948651987
18.4953600457
18.4990238321
18.4995971081
18.5032163383
18.5037293404
18.5070183676
18.510770733
18.5112193735
18.5148133991
18.5153087483
18.5181177963
18.5186251245
18.5220450459
18.5225091361
18.5258558649
18.5263036831
18.529765733
18.5302879226
18.5337921718
18.5339212944
18.535683014
18.535991573
18.5389878839
18.539348455
18.5419268227
18.5422919316
18.5440000426
18.5459014532
18.5477416567
18.5496194406
18.5509068256
18.5521245302
18.5542353378
18.5561716646
18.556408742
18.5581767121
18.5599330195
18.560081952
18.5619808744
18.5621609494
18.5640038348
18.5660371639
18.5680465493
18.5700156313
18.5718334131
18.5719914849
18.5737298825
18.5738883431
18.575763695
18.5778718099
18.5799580721
18.5801239592
18.5824601341
18.5844736238
18.5865022794
18.5884929762
18.5903680937
18.5922161765
18.5940892697
18.596058188
18.5980028437
18.5998361229
18.6013731532
18.6030326946
18.6047350781
18.6062341313
18.6080554546
18.6098337067
18.6116158642
18.6133834668
18.6150632413
18.6171240605
18.6173588156
18.6191439674
18.6212217066
18.6233660525
18.6236001135
18.6254565804
18.6274346859
18.6276872927
18.6293345664
18.6312857199
18.633249068
18.6335012251
18.6352774491
18.6372702714
18.6391741955
18.641070205
18.6427211362
18.6441168313
18.6462420478
18.648192919
18.6484180463
18.6502376996
18.6522915723
18.6525179647
18.6542554768
18.6563196173
18.6584365485
18.660481766
18.6626818088
18.6646689059
18.6667318298
18.6688543214
18.6690999731
18.6708380183
18.6727050716
18.6744105127
18.6745910705
18.6762638343
18.6764579188
18.6783264214
18.6802609918
18.6805275698
18.6823558599
18.6844899549
18.6864345847
18.6883448762
18.6885897226
18.689723555
18.6914003635
18.6933151347
18.6951921229
18.6970671159
18.6972970221
18.6992082525
18.7009907507
18.7027328059
18.7046112172
18.7060685321
18.7081937781
18.7102724302
18.7122586044
18.7124936761
18.7142678442
18.7163157914
18.7183780606
18.7204734755
18.722530959
18.7227821959
18.7247680365
18.7250129674
18.7267304596
18.7286721372
18.7289216302
18.7307134088
18.7326812244
18.7347203232
18.7366931691
18.736954119
18.7388673474
18.7408704269
18.741121233
18.7428022099
18.7429723159
18.744776554
18.7467816966
18.7486741058
18.7507950914
18.7509718354
18.7527050923
18.7547834814
18.756710652
18.7569447996
18.7575741051
18.7599301675
18.7615338916
18.7635810844
18.7658936815
18.7679726604
18.7699732142
18.7719331311
18.772159946
18.7740693247
18.7762565391
18.7765247793
18.7782915326
18.7805385633
18.7824566894
18.7827067112
18.7845753696
18.7868521474
18.7871264682
18.7890324242
18.7912354517
18.7934983023
18.7938685511
18.7940027627
18.7956009449
18.797806876
18.7980749809
18.7999889486
18.8002360521
18.8021754701
18.8044839765
18.8047853511
18.8066889681
18.8088869486
18.811064565
18.8132456478
18.8153193043
18.8155883149
18.8174506766
18.8195891523
18.8216607726
18.8236268125
18.825749952
18.8260201373
18.8278552708
18.8299448961
18.8321604708
18.8343602255
18.8364083165
18.8384300119
18.8386615681
18.8404550962
18.8406990144
18.8425612172
18.8447600182
18.8468317549
18.848907901
18.8509321753
18.8511779187
18.8530412266
18.8550760485
18.8561297406
18.8571729325
18.8594632284
18.8597717295
18.8617177143
18.8639355031
18.8658689355
18.8679322832
18.870076149
18.8722329595
18.8744419119
18.8746923775
18.8765293827
18.8786455075
18.8788664618
18.8806503708
18.8827741789
18.883034468
18.8848577351
18.886814845
18.8869495096
18.8892158667
18.8915660942
18.894052077
18.8961034951
18.8982023097
18.9000188184
18.9013582037
18.9024388199
18.9041587018
18.9061482991
18.906399814
18.9082382247
18.9103275064
18.910546732
18.912230088
18.914117554
18.9160176288
18.9177686788
18.919162245
18.9204145971
18.9216417309
18.9229154678
18.925145254
18.9272831013
18.9293048735
18.9309785169
18.9328491091
18.9346093157
18.9365941059
18.9386542276
18.9406244098
18.9425649807
18.9445956816
18.9460763081
18.948038794
18.9500079748
18.9521361176
18.9542396674
18.9562700463
18.958267097
18.9601421953
18.9621934477
18.9640035301
18.9658345484
18.9676635955
18.9690797842
18.9707559765
18.97241404
18.9741891872
18.9757178823
18.977299035
18.9789905727
18.9808304496
18.9823262783
18.9839441197
18.9865543115
18.9884014958
18.990402348
18.9924057397
18.9942978358
18.9962962622
18.9982919912
19.0003988496
19.0025509707
19.0054838348
19.007845008
19.0097871923
19.0116909389
19.0135920872
19.0155558085
19.0178050158
19.0198328563
19.0218121394
19.0234567749
19.0235928798
19.0244273003
19.0265003516
19.0284075154
19.0304741627
19.0324835948
19.0347192213
19.0367794306
19.0388188039
19.040388526
19.0426897759
19.0448845166
19.0467888754
19.0485885529
19.0507066565
19.0529185473
19.055184442
19.0571645704
19.0586669496
19.0607436595
19.0628257638
19.064832321
19.0668216966
19.0689172255
19.0709615464
19.0728888682
19.0748890116
19.0763721121
19.0783246249
19.0802890928
19.0823791348
19.0844847275
19.0866663025
19.0886944019
19.0907418801
19.0926114617
19.0944571146
19.0965753066
19.098628304
19.1008282984
19.103002646
19.1049188735
19.1067438076
19.1082678148
19.1093809283
19.1101039012
19.110787144
19.1118094766
19.1128755315
19.1136775734
19.1149952895
19.1167565193
19.1183827348
19.1199554294
19.1211126886
19.1234749018
19.1258302373
19.1284645343
19.1306545191
19.1327523321
19.1350322907
19.1373318926
19.1394395549
19.1416489532
19.143773559
19.1459986085
19.1481351191
19.1501215337
19.1522226949
19.1543393457
19.1564945983
19.1584782027
19.1605345467
19.16260838
19.164663945
19.1668219274
19.1689400831
19.1709171015
19.1729515906
19.174873678
19.176993317
19.1772277089
19.1790525124
19.1805761701
19.1827299013
19.1849135593
19.187100834
19.188388076
19.190474266
19.1924109269
19.1947414358
19.1967259815
19.1969746789
19.1987214476
19.2007100934
19.2026472376
19.2028835628
19.2037622436
19.2047417325
19.2067778029
19.2070556418
19.2088997383
19.2108104631
19.2125332836
19.212759124
19.2144788515
19.2146955916
19.2158267819
19.2165847618
19.2181183761
19.2203431483
19.2206046697
19.2225811879
19.2246766438
19.2267933845
19.2270565641
19.2290905353
19.2313347941
19.2335259167
19.23560017
19.2378087763
19.2380599979
19.2399328868
19.242159218
19.2424479071
19.2443961199
19.2467103883
19.2469441165
19.2487198305
19.2507900307
19.2529589431
19.2549037158
19.2570134005
19.2570866763
19.2587305397
19.2610134362
19.2631478833
19.2653318567
19.2656037141
19.2675056324
19.2697463948
19.2719804535
19.2722533823
19.2742688463
19.2763887139
19.2766641713
19.2786967554
19.2789832922
19.2790870193
19.2809768691
19.2831987203
19.2854212947
19.2876434672
19.2897995342
19.2900852238
19.2920608362
19.2943585247
19.2966369866
19.2988049995
19.2990911361
19.3008517941
19.3029295649
19.3031858351
19.3051149077
19.3072975205
19.3075394253
19.3093903351
19.3116416678
19.3137915952
19.3160033132
19.3181262949
19.3202313461
19.3204797983
19.3224944317
19.3244000759
19.3266332911
19.3288060499
19.3310868255
19.3332050334
19.3350138404
19.3363588155
19.3384789041
19.3387281482
19.34060012
19.3427958872
19.3450178117
19.3471523496
19.3493114055
19.351438999
19.3533738232
19.3552542204
19.3572372561
19.3574505826
19.359128428
19.3610112914
19.3619840148
19.3630286002
19.3636556118
19.3643821475
19.3644846372
19.3654077712
19.3654519429
19.3656540869
19.3659226219
19.3678599444
19.368112802
19.3701253869
19.372402437
19.3726981084
19.3746010501
19.3768966389
19.378566586
19.3801845015
19.380373429
19.3824657633
19.3827123071
19.3845201437
19.3867857142
19.3876149904
19.3882107875
19.3886397362
19.3899203878
19.3912070302
19.3924991985
19.3926694428
19.3937402048
19.3938827413
19.3949512892
19.396178965
19.3963287093
19.39746157
19.3987936495
19.4001176033
19.4014245848
19.401578995
19.4027128037
19.4039765202
19.4041354274
19.4053174773
19.4054786304
19.4066838349
19.4080374698
19.408184517
19.4093588088
19.4106999181
19.4120213619
19.4121633274
19.4132802231
19.4141045229
19.4151677317
19.4164753953
19.4166309115
19.4187743306
19.4213136397
19.4215741608
19.4235156201
19.4259144286
19.4262055729
19.4282954101
19.430579547
19.430869088
19.4328906555
19.4331718063
19.4349717603
19.4369180014
19.4391475398
19.4413334448
19.441588911
19.443502433
19.4454470299
19.4474880606
19.4495319577
19.4496879276
19.4515645626
19.4535827581
19.4557601958
19.4559390278
19.4578749874
19.4580309957
19.4599507561
19.4621057386
19.462279796
19.4634454817
19.4657695511
19.4680840235
19.4682572487
19.4704078938
19.472676604
19.4728677707
19.4749569271
19.4772886902
19.4796071778
19.4819797813
19.4842214975
19.4865836883
19.4889788197
19.4891687463
19.4912454009
19.4914265946
19.4936168045
19.4938081472
19.4959499305
19.4961283371
19.4980863548
19.5004252318
19.5027669889
19.5029508373
19.5049686905
19.5073374676
19.5075106195
19.5094353445
19.5115895827
19.5137925511
19.5159324608
19.5161075268
19.5181308236
19.5202457729
19.5204088
19.5224132608
19.524580369
19.5267292556
19.5288972286
19.5290631537
19.5309360315
19.5330228499
19.5333427284
19.5349201319
19.535089775
19.5370102599
19.5391645092
19.53933559
19.5414287127
19.5436383243
19.5458306726
19.5481067303
19.5482856098
19.5493163068
19.5505878226
19.5525941053
19.5541880425
19.5557775724
19.5573430001
19.5574875144
19.558809267
19.5607798669
19.5609623441
19.5630277258
19.5651727145
19.565342568
19.5665777801
19.5680341685
19.5681459479
19.5695209216
19.5702705107
19.5702963536
19.5716337237
19.5737407011
19.5739778675
19.5752118839
19.5774023758
19.5776763527
19.579596186
19.5798572939
19.5811572219
19.5813283235
19.5832225621
19.5834690618
19.5854490037
19.5876996798
19.5890614269
19.5904450521
19.5906006012
19.5925315807
19.594643649
19.5966677112
19.5988190404
19.6003584648
19.6017644948
19.6036150814
19.6057202441
19.6078801589
19.6100919733
19.6103419081
19.6115228112
19.6116821319
19.6129366338
19.6143783383
19.6159451022
19.6173796453
19.6175723469
19.6183287109
19.6199560236
19.6219255997
19.6239919236
19.6259929858
19.6276808467
19.6291618859
19.6310332956
19.633159739
19.6353305874
19.6374213818
19.6394560784
19.6414501846
19.6434854641
19.6437135114
19.6455409261
19.6476629755
19.649653798
19.6517758874
19.6538463713
19.6540762649
19.6558654311
19.6579327585
19.6581453058
19.6590744467
19.6593458582
19.6611821532
19.6633149907
19.6653415597
19.6675801206
19.6697866374
19.6700647438
19.6719413068
19.6722398311
19.6741799841
19.6764089677
19.6766575775
19.6778977458
19.6800846876
19.6803296811
19.6822727743
19.6842986574
19.6862865169
19.6877511321
19.6879143735
19.6891533619
19.6893067405
19.6908510475
19.6929006075
19.6949662114
19.6971121121
19.6973629
19.6991542348
19.6993786298
19.7011930925
19.7014151026
19.7032324161
19.7052713758
19.7072756789
19.7075501826
19.7093419136
19.711398409
19.7116624163
19.7130669563
19.7132597981
19.7147462805
19.7149480453
19.716366503
19.7179706344
19.7181691157
19.7196367923
19.7214220647
19.7231909351
19.7233755635
19.7248892386
19.7265794419
19.7283969448
19.7301515655
19.730361389
19.7318925184
19.733640876
19.7352923508
19.7355080165
19.7369911353
19.7387427588
19.7403130349
19.7405067608
19.7419814458
19.7436410842
19.7452619507
19.7454604964
19.7469770841
19.7486686342
19.7494580475
19.7507376558
19.7525814077
19.7528140856
19.7543353705
19.7558878069
19.757607571
19.7578413306
19.7594617896
19.7612857732
19.7615299713
19.7632719269
19.7652343947
19.7673649338
19.7693085244
19.7694896189
19.7706239592
19.7708463831
19.7726712798
19.7746766728
19.7749494128
19.7767151452
19.7779423389
19.779032508
19.7810644027
19.783057465
19.7832784394
19.7849522466
19.7868792
19.7889080291
19.7908874741
19.7927942921
19.7947223899
19.7966747511
19.7968966813
19.7986535434
19.8005487601
19.8025249465
19.8043908179
19.8046516666
19.8063289615
19.8065864825
19.8083004759
19.8101517321
19.8121342884
19.8139944218
19.8159417136
19.816172088
19.8178145814
19.8197033454
19.8199259865
19.8217420491
19.8237097573
19.8256900065
19.8277519575
19.8297441583
19.8299662694
19.8316796766
19.8336609532
19.8351193611
19.8364851124
19.8384623588
19.8387203492
19.8404780307
19.8425623469
19.8428371323
19.8429032608
19.8447282252
19.8449587622
19.8464922136
19.8467514978
19.8486738648
19.8488239365
19.8508254492
19.8529864436
19.8549663669
19.8569550054
19.8571135943
19.8588321716
19.8608690315
19.8629128886
19.8650289801
19.8651959384
19.8671171329
19.8693083992
19.869468959
19.8714353201
19.8736183359
19.875679481
19.8758413646
19.8778086892
19.8799975035
19.8821397361
19.8842962993
19.8844504087
19.8864642364
19.8885640163
19.8907522829
19.8929808411
19.8950723785
19.8973518176
19.8994452575
19.8995816029
19.900326814
19.9025970278
19.9047813012
19.9071123153
19.909391932
19.9116984419
19.9119014183
19.9138782219
19.9161049999
19.9183159214
19.9185011733
19.9204520652
19.9225533898
19.9227026001
19.9228188776
19.9237864051
19.9239453394
19.9257713942
19.9278139775
19.9279929086
19.9297679877
19.9316594739
19.9318169775
19.933673777
19.933852929
19.9356551197
19.9376652308
19.9378257401
19.939695396
19.9416831164
19.9435320134
19.9453788407
19.9455309046
19.9469167939
19.948325923
19.9498571582
19.9516000007
19.9517382825
19.9532715596
19.9534025834
19.9549957442
19.9568089569
19.9569743613
19.9586280268
19.9587764676
19.9593938496
19.9611047115
19.9626776448
19.9627929881
19.9643810246
19.965793446
19.9659925076
19.9674318072
19.9689942816
19.9691060701
19.9705841085
19.9721866379
19.9723364907
19.9740332578
19.9759068486
19.977810162
19.9796959162
19.9814293802
19.9832461258
19.9852278498
19.9871630338
19.9873129936
19.9889665749
19.9908218953
19.9926713249
19.9945826015
19.99645143
19.9982153332
20.0000936498
20.0019545593
20.0039397496
20.0058355688
20.0078275688
20.0098667411
20.0101213197
20.0109873676
20.011293176
20.0115206358
20.0135395595
20.0138045779
20.0157575848
20.017819792
20.0180459033
20.0198270134
20.0218607624
20.0238570987
20.0257809534
20.0260363865
20.0277870518
20.0299378815
20.0301769523
20.0320045912
20.0338341957
20.0359045747
20.0380325007
20.0401042889
20.0403287891
20.0420842205
20.042312058
20.0440831771
20.0461940134
20.0464627955
20.0482409289
20.050008194
20.0519484802
20.0539517099
20.0541026954
20.0555749608
20.0576655422
20.0598184442
20.0619169015
20.0639377503
20.0660060134
20.0680490502
20.0682962521
20.0701369091
20.0722043173
20.0724100483
20.0740772124
20.0743212413
20.0759840736
20.0779931756
20.0784904675
20.0791159998
20.0793391645
20.0813126353
20.0835119759
20.0856107477
20.0858443003
20.0877705144
20.0880190352
20.0898597206
20.0919990168
20.0940202426
20.095994804
20.0981884437
20.1003678289
20.1025691094
20.1048555232
20.1072093398
20.1076469244
20.1095171833
20.1097692431
20.1116155434
20.1136818633
20.1139519995
20.1157910326
20.1178306675
20.1199885775
20.1221315223
20.1223701754
20.12417468
20.126177974
20.1264360021
20.1282924458
20.1303468586
20.132479854
20.132737707
20.1346518673
20.1368020103
20.1387684206
20.1389710748
20.1407932894
20.1428140583
20.1449555156
20.1451920338
20.1470352672
20.1472981011
20.1490884312
20.1512078312
20.1533368758
20.1535780123
20.1552911854
20.1572128825
20.1592240118
20.1611870777
20.1630307893
20.1649111836
20.1651258509
20.1667896935
20.1685908333
20.1687967116
20.1704474521
20.1723037238
20.172510194
20.1741541942
20.1744142174
20.1759681577
20.176200643
20.1765866798
20.1784265669
20.1803853294
20.1822624733
20.184243977
20.1862298421
20.1880554471
20.1899337909
20.191729583
20.1934923331
20.1954186035
20.1972684436
20.1991217284
20.201017059
20.203003519
20.2049982702
20.2069292327
20.2080188193
20.2089969038
20.2098614157
20.2106250329
20.2113895335
20.2120680357
20.2126929484
20.2133296961
20.2139574713
20.2146331412
20.2153424224
20.2160522169
20.2167305107
20.2173790456
20.2190898683
20.2207562706
20.2225753496
20.2243290717
20.2261418628
20.2262950381
20.2268773363
20.2274503717
20.2280083205
20.2280472862
20.2285697675
20.2290330483
20.2296133282
20.2301807076
20.2307740816
20.2314251667
20.231979135
20.2325349015
20.233100718
20.2338883998
20.2340224677
20.2359315221
20.2425376587
20.2456252196
20.2471978425
20.2517765235
20.2589747025
20.2651727306
20.2713272333
20.2770655916
20.2830202582
20.2886949655
20.2944850058
20.30020488
20.3060614905
20.3121592173
20.3181467246
20.3245267172
20.3304691618
20.3362051681
20.3419853273
20.3452140599
20.3469459279
20.348636993
20.3500623949
20.3518421884
20.3536032792
20.3554635511
20.3574694176
20.3594674426
20.3613452952
20.3632524792
20.3651649375
20.3657639803
20.3662716645
20.3667519477
20.3673101658
20.3679666291
20.3685513405
20.3685701308
20.3687704181
20.3698120364
20.3704577671
20.3725204314
20.3746802308
20.3769324792
20.3789322817
20.3808800534
20.3828040302
20.3848480808
20.3868782601
20.3887032576
20.3906465579
20.3926208561
20.3947639988
20.3967949443
20.3990095444
20.4005358317
20.4022053711
20.403547698
20.4044032223
20.4064181477
20.4082186794
20.4101312732
20.412263136
20.4143266138
20.4164059795
20.4185201525
20.4205607218
20.4225583739
20.424570014
20.4265633544
20.4286789273
20.4308254086
20.4329414389
20.4350858286
20.4372306906
20.4392835887
20.4412897236
20.4433942362
20.4453308678
20.4474356731
20.4494591348
20.451723076
20.4538050944
20.4560094024
20.4577546352
20.4596827335
20.4618254469
20.4639300159
20.4660337708
20.4681030134
20.4701327533
20.4722062724
20.4743139506
20.4764309454
20.4784222827
20.4786743189
20.4787847009
20.4802354866
20.4813703412
20.4844935423
20.4878668128
20.4912322484
20.4946423946
20.4980489114
20.5014473582
20.504963606
20.5085826055
20.5120118442
20.5153556881
20.5184826234
20.5217317652
20.5249379427
20.5280124712
20.5313430773
20.5346501299
20.5379521104
20.5411501908
20.5449360458
20.5488466076
20.5490960499
20.5509152774
20.5542548953
20.5574910922
20.5608881931
20.5646560461
20.5681236929
20.5713244668
20.5746854766
20.5773800791
20.580161172
20.5832699924
20.5864588613
20.5897481669
20.5929934827
20.5964721472
20.5998167738
20.6029816837
20.6061601154
20.6095199987
20.6127748698
20.6156817853
20.6187873887
20.6220210463
20.6249252676
20.6281956483
20.6312564473
20.6344304327
20.6376151866
20.6403303368
20.6434856697
20.6466094063
20.6496656354
20.6527926196
20.6560896276
20.6593190423
20.662394908
20.6654491453
20.6685214698
20.6716769607
20.6748437199
20.6781149823
20.681498555
20.6849070045
20.6881893067
20.6914330394
20.6948428216
20.6982493052
20.7018128599
20.7050364247
20.7084089483
20.7118214457
20.7153873197
20.7189587934
20.7221246297
20.7253214748
20.7286082185
20.731829777
