9.37
9.38913239927
9.42188344716
9.42288344716
9.56446195528
9.56546195528
9.56646195528
9.64855062347
9.66302475237
9.73754064069
9.82052071806
9.82152071806
9.82252071806
9.82352071806
9.84014583939
9.84114583939
9.85230908745
9.98971914572
9.99071914572
9.99171914572
10.302295692
10.4146378577
10.484862026
10.5149324332
10.5271055865
10.5534577682
10.7164311403
10.7764343135
10.8155543925
10.856431623
10.9628854174
10.9852409233
11.1464334452
11.1474334452
11.2868035518
11.3773267095
11.6773267095
11.6783267095
11.6793267095
11.6803267095
11.6813267095
11.7004591088
11.7332101567
11.7342101567
11.8757886648
11.8767886648
