10.007
10.0070052054
10.0071947013
10.0073817187
10.0079079399
10.0084919767
10.0090747295
10.0096789549
10.0102973432
10.0109160349
10.0115556166
10.0122270807
10.0128245348
10.0133919889
10.0139174371
10.0144569504
10.0149959623
10.0155171952
10.0161049601
10.0167230422
10.0173122129
10.0177784591
10.0185129367
10.0192969905
10.0193287693
10.0196410437
10.0202238511
10.0207547411
10.0213710729
10.0221046171
10.0227447754
10.0233104039
10.023916918
10.0243684004
10.0248436521
10.0253903188
10.0259261989
10.0264896101
10.0270222794
10.02763527
10.0282039339
10.0286952337
10.0292006762
10.0297585162
10.030292407
10.0307327037
10.0312156376
10.0317292496
10.0321563196
10.0326799695
10.0331756737
10.0336956709
10.0342146504
10.0346815463
10.0352013774
10.035731994
10.0362392737
10.0367333133
10.0373104149
10.0378724396
10.0383830889
10.0388935061
10.0394106751
10.0399439864
10.0404727121
10.0410337981
10.0416433498
10.042257012
10.0428300739
10.0433783064
10.0439950328
10.04463535
10.0453202552
10.0458678376
10.0464312218
10.0470237873
10.0476697091
10.0483262101
10.0488478863
10.0493841778
10.0499379243
10.0504879146
10.0505569223
10.0510369307
10.051657174
10.0522131755
10.0526168176
10.0526776442
10.0530093047
10.0536140699
10.0536928916
10.0542293675
10.0547924437
10.0554030943
10.0559583093
10.0565263189
10.0571006228
10.0576008741
10.0581223963
10.0586729316
10.0592516392
10.059735536
10.0602850551
10.0608144093
10.0613495413
10.0618910109
10.0623736185
10.0628809779
10.0629422974
10.0630810148
10.0636780241
10.0642496651
10.0643172802
10.0648026429
10.0653628434
10.0660732438
10.0666824191
10.0672641373
10.067895381
10.068472726
10.0690735366
10.0697327345
10.069811377
10.0702734566
10.0708280081
10.0714039707
10.0720871823
10.0721712271
10.0726983399
10.0733171595
10.073399277
10.0739017123
10.0745045906
10.0745924089
10.0751076764
10.0756945037
10.0762882442
10.0763491126
10.0768255446
10.0774293065
10.0775255372
10.0781161662
10.0782107336
10.0788125963
10.0794457258
10.0800391654
10.0806659809
10.0812489706
10.0818112636
10.0823249154
10.0828834565
10.0834945014
10.0835798711
10.0841835542
10.0846610268
10.0850906255
10.0852869595
10.0859144503
10.0859920368
10.0865646634
10.0871950954
10.0878739534
10.0885120487
10.0892126833
10.0898415688
10.0903963639
10.0910395735
10.0916986089
10.0923023031
10.092950292
10.0930391428
10.0936048154
10.0942522268
10.0949106573
10.0955598055
10.0961453912
10.0967964013
10.0974774235
10.0979802578
10.0980485674
10.0986241906
10.0992884791
10.0999448522
10.1006316822
10.1007206489
10.1013041387
10.102038752
10.1025757829
10.1031494457
10.1037810243
10.1038565792
10.1045133585
10.1052804315
10.1059250625
10.1065979537
10.1072554436
10.1075185122
10.1076983695
10.1083504999
10.1089472163
10.1090171564
10.1095881903
10.1102538852
10.1103456433
10.1109484737
10.1116042762
10.112213648
10.1122727826
10.1128341039
10.1129038691
10.1134671828
10.1135467307
10.1140647193
10.1146825062
10.1153771355
10.1159844069
10.1166644832
10.1173617919
10.1174513725
10.1180135389
10.1180953643
10.118695256
10.1187952567
10.1193759634
10.1194607237
10.1199512141
10.120550577
10.1206252814
10.1212034176
10.1212943166
10.1216501063
10.1217339382
10.1222723072
10.1223441401
10.1228681882
10.1229378772
10.1234859112
10.1235776746
10.124149116
10.1241656016
10.1242991817
10.1243335437
10.1247388536
10.1247843105
10.125079084
10.1251197642
10.1252207417
10.1253313477
10.1254448483
10.1255540135
10.125627467
10.1257053195
10.1258496953
10.125963532
10.1259788092
10.1260847958
10.12618059
10.1261892508
10.1263106985
10.1263240672
10.1264375168
10.1265640957
10.1266887372
10.1268092412
10.126915691
10.1269260357
10.127029305
10.1270392744
10.1271610645
10.1273016565
10.127427499
10.1274369668
10.1276468463
10.1277710656
10.1278892508
10.1280052818
10.1281125956
10.1282190522
10.1283236032
10.1284458694
10.1285531562
10.1286504423
10.128723443
10.1288094799
10.1289011948
10.1289813285
10.1290907554
10.1291912443
10.1292851437
10.1293854992
10.1294847793
10.1296472611
10.1296620675
10.1297683466
10.1299020193
10.1300419674
10.1300548366
10.1301729436
10.1302956575
10.1303116879
10.1304113005
10.1305363516
10.1306504037
10.1306672545
10.130771697
10.1308932525
10.1310184235
10.1311253189
10.1311985214
10.1312516133
10.1313865104
10.1315121583
10.1315259301
10.1316353608
10.1317691773
10.1317840619
10.1319021645
10.1320305535
10.1321667413
10.1322980691
10.1324444553
10.1325689264
10.1326918077
10.1328218008
10.1328365358
10.1329442102
10.1330562675
10.1331543732
10.1331671748
10.1332705319
10.133284127
10.1334080445
10.1335385868
10.1335555413
10.1336777257
10.1338160373
10.1339437604
10.1340739498
10.1340946584
10.1341341679
10.1342112928
10.1343349691
10.1344439935
10.1345591312
10.1345730347
10.1347111354
10.1348164168
10.134919371
10.135029154
10.1351243757
10.135260315
10.1354038518
10.135529967
10.1355460608
10.1356598432
10.1357912214
10.135928271
10.1360605892
10.1361964129
10.1362146912
10.1363560534
10.1363727536
10.136476739
10.1366081915
10.1366262782
10.1367384848
10.1368649563
10.1369867132
10.1371177174
10.1371360887
10.1372651617
10.1373978386
10.1374133984
10.1375161591
10.137522252
10.137613523
10.1377319568
10.1378375862
10.1379883509
10.1379960882
10.1381222089
10.1382714739
10.1384024678
10.1384202086
10.1384595721
10.1386364777
10.1387473211
10.1388898589
10.1390644451
10.1392162249
10.1393450241
10.1394782658
10.1394945112
10.1396403868
10.1398096442
10.1398308564
10.1399551139
10.1401256029
10.1402700349
10.1402876198
10.1404251043
10.1405976613
10.140618316
10.1407541209
10.140918541
10.1410803729
10.1411112332
10.1411149959
10.1411843061
10.141333865
10.1413523148
10.1414778581
10.1414944993
10.1416260276
10.1417891802
10.1418116267
10.1419295795
10.1420655106
10.1422034068
10.1423450294
10.1424822332
10.1424994267
10.1426128015
10.1427453521
10.1428751765
10.1429939552
10.1431271768
10.1431443373
10.1432649001
10.1434005749
10.143549995
10.1436943139
10.1438194958
10.1439521294
10.1439684717
10.1440927321
10.1441084926
10.1442303552
10.1443793608
10.144505581
10.1446377212
10.1447414078
10.1447567874
10.1448762775
10.1450081746
10.1450772022
10.145120958
10.1452922984
10.1453158533
10.1454479769
10.1455986441
10.1456945744
10.1458057225
10.145964427
10.1461215594
10.1462795956
10.1462969217
10.1464199867
10.1465651513
10.1465750641
10.1467150158
10.1468689856
10.1468875929
10.147023661
10.1471237631
10.1471272672
10.1472964543
10.1474723585
10.1476960816
10.1478474659
10.1480007483
10.148122815
10.1482109293
10.1482934638
10.1484100895
10.1485508564
10.1485679709
10.1486949131
10.1488374208
10.1488509071
10.1489607799
10.1490900845
10.1492116204
10.1493182246
10.1494098951
10.1495014311
10.1495916903
10.1496298024
10.1497967191
10.1499481215
10.1500835904
10.1501850783
10.1503096411
10.150423927
10.1505595878
10.1506949048
10.1508139274
10.1509351772
10.1510660404
10.1511295397
10.1512682623
10.151401848
10.1515520108
10.1516936854
10.1518274285
10.1519609823
10.1520928473
10.1522363042
10.1523557722
10.152473473
10.1525932544
10.1526798734
10.1527603814
10.1528656142
10.1529820192
10.1530804259
10.153161914
10.1532592482
10.1533700259
10.1534313092
10.1535057105
10.1537639792
10.1538747232
10.1540213056
10.154153273
10.1542810001
10.1544201746
10.1545672668
10.1547190109
10.1548807415
10.1551975101
10.1554115216
10.1555265431
10.1556401738
10.1557513692
10.155872608
10.1560289547
10.1561654866
10.1562835999
10.1563538714
10.156356501
10.1564046454
10.1565505618
10.1566697752
10.1568057275
10.156925063
10.1570713766
10.1572083648
10.1573421308
10.1574071467
10.1575609178
10.1577087423
10.1578132281
10.1579197221
10.1580579523
10.1582016627
10.1583493175
10.1584745153
10.1585338681
10.1586599864
10.1587911987
10.1589254023
10.1590473362
10.1591794411
10.1593030586
10.1593992491
10.1595288547
10.1595855539
10.1596932749
10.1598063163
10.1599421309
10.1600807804
10.1602409357
10.1603727395
10.1604965225
10.1605878965
10.1606773854
10.1608082326
10.160937808
10.1610813195
10.1612177521
10.1613279693
10.161426294
10.1615122128
10.161568352
10.161588595
10.1616231643
10.161645478
10.1616705372
10.1617059809
10.1617649355
10.1618495388
10.1619257175
10.162002263
10.1621029791
10.1622900337
10.1624639758
10.1626926002
10.1628478209
10.162990048
10.1631503449
10.1633218874
10.1634521389
10.1635918322
10.1637270415
10.1638629756
10.163993317
10.1641124388
10.164242355
10.1643708081
10.1645018533
10.1646168741
10.1647395266
10.1648599315
10.1649876618
10.1651220348
10.1652532246
10.1653678646
10.1654860901
10.1655880223
10.1657100446
10.1657231585
10.1658240578
10.1658870317
10.1660227866
10.1661581543
10.1662893665
10.1663615639
10.1664873859
10.1665839898
10.1667472278
10.1668636887
10.166878672
10.1669818312
10.167102446
10.167228824
10.1672432553
10.1672932329
10.1673508585
10.1674851594
10.1675050043
10.1676380372
10.1677456215
10.1678400071
10.1678554246
10.1679751959
10.1679895904
10.1680465452
10.1680893506
10.1681852543
10.1683457925
10.1683657669
10.168515959
10.168645473
10.1687868889
10.1688063178
10.168946506
10.1691086237
10.1692598169
10.1693865494
10.1695281489
10.16954492
10.1696713759
10.1698212924
10.1698411815
10.1699769297
10.170135569
10.1701512819
10.1702642487
10.1703922798
10.1705254005
10.1706382783
10.1707699342
10.1707732591
10.1708877566
10.1710438297
10.1711821628
10.1713249652
10.171343465
10.1714723696
10.1716311091
10.1717882198
10.1718065233
10.1719508125
10.1720900481
10.1721081742
10.172252824
10.1722733531
10.1722846797
10.1724145755
10.1725682329
10.1727240728
10.1728768112
10.1730153011
10.1730360745
10.1731822076
10.1733470698
10.1735044929
10.1736511474
10.1736713533
10.173778466
10.1739144381
10.1739324968
10.1740633692
10.1742102253
10.1742268213
10.1743480874
10.1744976015
10.1746416422
10.1747965797
10.1749382055
10.1750817716
10.1750987163
10.1752396288
10.1753718915
10.1755358051
10.1756929359
10.1758590605
10.1760071169
10.1761221941
10.1761849723
10.1763217956
10.1763383157
10.1764612265
10.1766017812
10.1767480812
10.1768858916
10.177027514
10.1771716218
10.1773057263
10.1774394938
10.1775827097
10.1775973806
10.1777304036
10.1778775049
10.1779372513
10.177974781
10.178006964
10.1780330021
10.1780359781
10.178062531
10.1780642338
10.178074084
10.1780915766
10.1782240552
10.178241126
10.1783814036
10.1785368132
10.1785572956
10.1786830176
10.1788452456
10.178913838
10.1789763969
10.1789838307
10.1791343215
10.17915078
10.1792492698
10.1794069357
10.17944688
10.179459349
10.1794769825
10.1795393476
10.179602311
10.1796646449
10.1796731352
10.1797236283
10.1797305696
10.1797803119
10.1798375894
10.1798445965
10.1798989508
10.179963833
10.1800274892
10.1800894253
10.1800967864
10.1801498695
10.1802096001
10.180217287
10.1802754886
10.1802834682
10.1803454766
10.1804131358
10.1804204788
10.1804773179
10.1805418531
10.1806046342
10.1806114894
10.180664309
10.1806839705
10.1807231393
10.18078441
10.1807917454
10.180972562
10.1811960546
10.1812180568
10.1813717457
10.1815706425
10.1815951172
10.181774589
10.1819679616
10.1819934173
10.1821634689
10.1821874031
10.1823074519
10.1824513685
10.1826355977
10.1828123132
10.182829348
10.1829614941
10.1830821294
10.1832121566
10.1833507287
10.1833617709
10.1835000821
10.1836413207
10.1838008242
10.1838145104
10.1839436166
10.1839544781
10.1840880895
10.184234245
10.1842458937
10.1843199895
10.1845125698
10.1846999513
10.1847138615
10.1848929067
10.1850809757
10.1850971333
10.1852710421
10.1854651099
10.1856598712
10.1858592195
10.1860407044
10.1862389738
10.1864411323
10.1864569693
10.1866268345
10.1866415564
10.1868290627
10.1868452046
10.187021583
10.1870354693
10.1871736621
10.1873676822
10.1875612394
10.1875765961
10.1877229784
10.1879262576
10.1879413863
10.1880650161
10.1882151915
10.1883743247
10.188517661
10.188529039
10.18867296
10.1888114094
10.1888235365
10.1889651124
10.1891236284
10.1892777367
10.1894355459
10.1894473906
10.1895663393
10.1896992416
10.1897249548
10.1898298771
10.1898424611
10.1899800713
10.1901327385
10.1901454517
10.1903131258
10.1904818509
10.1906533105
10.1908333708
10.1908473869
10.190865568
10.1909073514
10.1910270265
10.191096757
10.1911651164
10.1912288521
10.1912355268
10.1912854765
10.1914019607
10.1914175137
10.1915839857
10.1917513233
10.1917650812
10.1918109191
10.1918661605
10.1918708817
10.1919240419
10.1919492483
10.19195033
10.1920469035
10.1921994979
10.1922171242
10.192313636
10.1924825322
10.1925040318
10.1926514871
10.1926719963
10.1927215866
10.1927285887
10.1928729425
10.1928921228
10.1930461487
10.193218961
10.1932671278
10.193315966
10.1933212293
10.1934706157
10.1936242781
10.1937708042
10.1939263322
10.1939855099
10.1940355768
10.1941271815
10.1942842325
10.1944443517
10.1946077175
10.1946259784
10.1946673587
10.1946730046
10.1947193185
10.194772298
10.1948316989
10.19488332
10.1948903423
10.1949243771
10.1950058696
10.1951175432
10.1952300992
10.1953407039
10.195411944
10.1954680907
10.195556271
10.1956852216
10.1958160996
10.1959415275
10.1960631773
10.1961821596
10.1962963386
10.1963102325
10.1964219361
10.1965517809
10.1966512873
10.1967653515
10.1968847572
10.1968976207
10.1970035298
10.1971301192
10.1971416327
10.1971976823
10.1972146186
10.1973188997
10.19744166
10.1975631256
10.1977181549
10.1978708384
10.1978909864
10.1980200599
10.1980423653
10.1981699145
10.1983147729
10.1983313911
10.1983953848
10.1985328926
10.1985471567
10.1986574766
10.1987692681
10.1988771345
10.1989292565
10.1989344783
10.1989766666
10.1989815662
10.1990514512
10.1991711397
10.1992887126
10.199409312
10.1994237341
10.1995185245
10.1995304023
10.1996279723
10.1996399602
10.1997361865
10.1998406667
10.1999420405
10.1999571881
10.2000473627
10.2001522094
10.2001671904
10.200224936
10.2002329528
10.2002957392
10.200304064
10.2003602855
10.2004227718
10.2004306031
10.2004916835
10.2005696078
10.2006461554
10.2006537807
10.2007169107
10.2007883846
10.2008689237
10.200945198
10.2009540829
10.2010192021
10.2010935934
10.2011611114
10.2011703754
10.2012351179
10.2013117717
10.2013791967
10.2013873881
10.2014487215
10.2015181488
10.2015864637
10.2015946526
10.2016594332
10.2017326415
10.2017643878
10.2018187831
10.2019020714
10.201913024
10.2019788797
10.2020470411
10.2021300752
10.2021413469
10.2022175735
10.2023032064
10.2023154257
10.2023994104
10.2024963922
10.2026160087
10.2027125036
10.2027210948
10.2027762465
10.202787402
10.2028825654
10.2029886081
10.2030038621
10.2030935956
10.2031538538
10.2031919888
10.2032930158
10.20339228
10.2034031606
10.2034849614
10.2035823513
10.2036841059
10.2037824853
10.2038746023
10.20396877
10.2040643005
10.20407522
10.2041626324
10.204256465
10.2043540348
10.2044442252
10.2044571927
10.2045377391
10.2045511194
10.2046347038
10.20472341
10.2048199089
10.2049087067
10.205002376
10.2050133462
10.2050930406
10.2051869167
10.2051982224
10.2052906088
10.2053881477
10.2054861142
10.2055910282
10.2056896427
10.2057012245
10.2057850146
10.2058849022
10.2059378232
10.2059844895
10.206079237
10.2060931445
10.2061805592
10.2062860837
10.2063011953
10.2063060102
10.2064256288
10.2064398553
10.2065272896
10.20654264
10.2066379065
10.2066470477
10.206779518
10.2069181615
10.2070385914
10.2071481796
10.2071571057
10.2072474561
10.2073596377
10.2074744872
10.207594535
10.2076042265
10.207734002
10.2078822638
10.2078920908
10.2080246957
10.2081703158
10.2083045231
10.2083147157
10.2084333918
10.2085726317
10.2087099586
10.2088547677
10.2088654991
10.2090013847
10.2091394568
10.2092797946
10.2094271929
10.2095653733
10.2097267477
10.2098701673
10.2098784106
10.2099320942
10.2101008357
10.2102569681
10.2104125518
10.210563694
10.2107119481
10.2107260617
10.2108475322
10.2109903057
10.2111341377
10.2111477061
10.2112698812
10.2114030599
10.2114117411
10.2114188725
10.2114594558
10.2114672936
10.2115577332
10.21166216
10.2116719654
10.2117557961
10.2118447078
10.2118524718
10.2119516701
10.2119616212
10.2120559048
10.2121633486
10.2121730391
10.2122671574
10.2123721826
10.2124586995
10.2125444911
10.2125515912
10.2126007391
10.2126491162
10.2127085959
10.2127840646
10.2127902912
10.2128576167
10.2128633894
10.2129353317
10.213018053
10.2130259858
10.2131012344
10.2131080629
10.2131361905
10.2132171192
10.2132787705
10.2132830743
10.2133500927
10.2134102554
10.213418368
10.2134715972
10.2135318518
10.2135361306
10.2135958211
10.2136617459
10.2136684333
10.213749929
10.2138368931
10.2139284429
10.2140179491
10.2140977188
10.2141804218
10.2142752616
10.2143682845
10.2143754205
10.2144532278
10.2145413859
10.2146280771
10.2147171701
10.2148065553
10.2148880288
10.2149751189
10.2150613304
10.2151577118
10.2152472024
10.2153446467
10.2154530862
10.2154696707
10.2155167757
10.2155317833
10.2155456728
10.2156902463
10.2157099562
10.2158530033
10.2159846171
10.2159984984
10.2161030492
10.2162268218
10.2163473131
10.2164600347
10.216475115
10.216580645
10.2167201092
10.2167348606
10.2168535133
10.216959578
10.2170896308
10.2172344391
10.2173628129
10.217376978
10.2174842032
10.2174987925
10.2176116466
10.2177507101
10.2177674351
10.217874089
10.2179508627
10.2180444108
10.2181449172
10.2181491383
10.2182107372
10.218346947
10.218484746
10.2186145401
10.2187368168
10.2188660888
10.218991
10.2190057551
10.2191221004
10.2192464895
10.219255031
10.2193344377
10.2193494141
10.2194353056
10.2195361635
10.2195661576
10.2196155565
10.2196320993
10.2197881867
10.2199567087
10.2201162113
10.2201343621
10.2202754184
10.2202943015
10.2204245982
10.2205757827
10.2206834747
10.2207846523
10.220932511
10.2210990139
10.2212678109
10.2214492383
10.221635722
10.2216672735
10.2217951716
10.221811312
10.2219291986
10.2220615532
10.2220795959
10.2221966571
10.2223235419
10.2224603591
10.2226077461
10.2226225944
10.2227393176
10.2228707595
10.2228875922
10.2230107168
10.2231268452
10.2232716689
10.2232891267
10.223424068
10.223572493
10.2236763614
10.2236850577
10.2237944811
10.2239082536
10.2240514948
10.2240672105
10.2241885063
10.2242064534
10.2243222702
10.2244626014
10.2245996771
10.2246148907
10.2247004379
10.2247956831
10.2248965368
10.2249933547
10.2250829022
10.2251738168
10.225184706
10.2252645373
10.2253503843
10.2253599027
10.2254411768
10.2255299346
10.2255396245
10.2256186448
10.225632567
10.225708443
10.2257229365
10.225740589
10.2258290492
10.2259256871
10.2260151718
10.226112371
10.226209043
10.22629429
10.22638201
10.2264641284
10.2265443928
10.2266379953
10.2267263083
10.2268129417
10.2269032145
10.2270014587
10.2270987247
10.2271910725
10.2272079731
10.2272205522
10.2272321573
10.2272434496
10.2272549491
10.2272651237
10.2272744826
10.2272833223
10.2272914638
10.2273000345
10.2273093439
10.2273189404
10.2273278422
10.2273370835
10.2274206849
10.2274978025
10.2275847543
10.2276665431
10.2277514629
10.2277586094
10.2277662587
10.2277734022
10.2277813759
10.2277821347
10.2277889968
10.2277949193
10.227802662
10.2278098634
10.2278176871
10.2278284568
10.2278380503
10.2278474868
10.2278577405
10.2278853804
10.2278929083
10.2280788939
10.2294784303
10.2297348173
10.2298003121
10.230399944
10.2320273564
10.2332657731
10.2344770553
10.2355300791
10.236660073
10.23768819
10.2387530351
10.2397985468
10.2408892901
10.2420859033
10.2432289322
10.2445428285
10.2456677309
10.2467196968
10.2477803885
10.2480724558
10.2481495886
10.2482237604
10.2482812452
10.2483620115
10.2484397334
10.2485270788
10.2486245587
10.2487206763
10.2488081738
10.2488976094
10.2489856231
10.2489952197
10.2490015687
10.2490073235
10.2490168732
10.2490256763
10.2490331236
10.2490336051
10.2490371712
10.249083687
10.2491097373
10.249217517
10.2493275916
10.2494436916
10.2495417339
10.2496344417
10.2497261417
10.2498254559
10.2499251111
10.2500080771
10.2501005776
10.2501955245
10.2503026553
10.2504017722
10.2505144838
10.2505690493
10.2506371726
10.2506933748
10.2507329982
10.2508292245
10.250910867
10.2509999011
10.2511074713
10.2512103585
10.2513136405
10.2514194354
10.2515188687
10.251614929
10.2517120252
10.2518074958
10.2519128585
10.2520198244
10.252124794
10.2522323033
10.2523397033
10.2524393459
10.2525366844
10.2526421276
10.2527350248
10.2528399167
10.2529404194
10.2530588267
10.2531617883
10.253273702
10.2533445087
10.2534323115
10.2535407439
10.2536452519
10.2537506279
10.2538508297
10.2539497506
10.2540534148
10.2541593312
10.2542646556
10.254360681
10.2543729578
10.2543781233
10.2545324882
10.2546659767
10.2550491028
10.2554742001
10.2558984776
10.2563377109
10.2567867456
10.2572341342
10.2576991973
10.2581856624
10.2586208048
10.2590334981
10.2594188457
10.2598172326
10.2602141815
10.2605979772
10.261027738
10.2614760726
10.2619123475
10.262281433
10.2628097639
10.2633744923
10.2634015355
10.263626891
10.2640548675
10.2644407247
10.2648873821
10.2654152595
10.2658771896
10.2662849543
10.266723195
10.2670536822
10.2674014182
10.267799876
10.2681915334
10.2686035123
10.2689937159
10.2694413813
10.2698571229
10.2702186589
10.2705896104
10.2709982147
10.2713896473
10.2717143259
10.2720716267
10.2724515945
10.2727679055
10.2731541101
10.273519397
10.2739025317
10.2742853687
10.2746312533
10.2750158248
10.275407578
10.2757799392
10.2761512634
10.2765755912
10.2769825001
10.2773520241
10.277720839
10.2780955753
10.2784828425
10.2788656752
10.2792729321
10.2797126097
10.280159033
10.2805756097
10.2809753267
10.2814252546
10.2818924808
10.2823900868
10.2827898178
10.2832034572
10.2836367009
10.2841064497
10.2845858495
10.2849676116
10.2853594241
10.2857642721
10.2861648207
