7.59
7.64903154733
7.7907197038
7.79407396774
8.00048887641
8.00384314035
8.00719740429
8.22980591155
8.28733783143
8.38342012451
8.59727544095
8.8732614494
9.37013487338
9.37348913732
9.45851079754
9.46186506148
9.52858862747
9.83798997602
10.014045155
10.0173994189
10.3279759652
10.5365528331
10.6245455695
10.7285150351
10.9242352735
11.0016819883
11.2821213694
11.4323800629
11.4715001419
11.5895162389
11.7995406748
11.8218961807
12.0236844457
12.0270387096
12.1664088162
12.2569319739
12.7538053979
13.2506788219
13.2540330858
13.7509065098
14.2477799338
14.3075010653
14.4510475923
14.4544018562
14.6614422745
14.6647965384
