13.88
13.8800288409
13.8805842181
13.8810686216
13.882425307
13.8839281286
13.8854290558
13.8869629198
13.8885084571
13.8900508602
13.8916586541
13.8933344145
13.8948731338
13.8963521703
13.8977053613
13.8991141592
13.9005082345
13.9018305345
13.9033166948
13.9048252145
13.9063017016
13.9075968243
13.90940086
13.9112933114
13.9113874678
13.9121848045
13.9136659345
13.9150759935
13.9166146116
13.9184097015
13.9199992888
13.9214227064
13.9229406901
13.9241190581
13.9253399455
13.9267026678
13.9280895124
13.9295409736
13.9309486734
13.9325179683
13.9339946511
13.9353391701
13.9366984337
13.9381752783
13.9395873718
13.9407871469
13.9420952666
13.9434810041
13.9446665023
13.9460767156
13.9473763201
13.9487434455
13.9501113302
13.9512985092
13.952652374
13.9540031876
13.955310582
13.9566279218
13.9580855826
13.9595164541
13.9608435311
13.9621643447
13.9634932467
13.9648704767
13.9662489256
13.9676958763
13.9692271965
13.9707690132
13.9722253006
13.9736484994
13.9751882296
13.9767450311
13.9784034047
13.9798165567
13.98129868
13.9828240073
13.9844552023
13.9861057643
13.9874723326
13.9888657041
13.9903070046
13.9917224385
13.9918911389
13.9931171774
13.9946939984
13.9961296668
13.9971752539
13.9973350018
13.998299883
13.9998340149
14.000036077
14.0013843489
14.0027711162
14.004279325
14.0057195952
14.0071811536
14.0086922283
14.0100395176
14.0114034946
14.0128094919
14.0142596263
14.0155420036
14.0169523205
14.0183047597
14.0197398111
14.0211359444
14.0223913128
14.0237226407
14.0238957327
14.0242426223
14.0257073922
14.027105792
14.0272724913
14.0285071657
14.029950728
14.031661192
14.0331615863
14.0346290347
14.0361997822
14.0376183654
14.0390768749
14.0406757311
14.0408618727
14.0420578071
14.0434502874
14.0449383938
14.0466347213
14.0468318274
14.0481508562
14.0497017688
14.0499043965
14.0511685088
14.0526898516
14.0529024286
14.0542054747
14.0556923212
14.0572181585
14.0573731872
14.0585864498
14.0600959479
14.0603173908
14.0617409592
14.0619566789
14.0633952905
14.0649382248
14.0664286971
14.0680028007
14.0694885783
14.0709278681
14.0722306356
14.0736267444
14.075130627
14.0753317605
14.0767805986
14.0780417639
14.0791394304
14.0796293972
14.0811232072
14.0813090976
14.0826977044
14.0842260832
14.0858775311
14.0874605292
14.0891891703
14.0907557104
14.0921586118
14.0937698272
14.0954080905
14.0969141147
14.0985146487
14.0987213649
14.1001263601
14.1016988339
14.1033284315
14.1049562174
14.1064411724
14.1080249818
14.1096767083
14.1109491243
14.1111225122
14.1124997451
14.1141162529
14.1157027748
14.1173488633
14.1175669729
14.1189560743
14.1206749798
14.1220082278
14.123407865
14.124890119
14.1250711229
14.1266016832
14.1283548307
14.1299390972
14.1315300297
14.1331002788
14.1336663216
14.1341259676
14.135707193
14.1372027432
14.1373847712
14.138782441
14.1404025057
14.1406120254
14.1420788896
14.1436651465
14.1451851149
14.1453354555
14.1467471533
14.1469181189
14.1483137292
14.1485138526
14.149815468
14.1513382302
14.1530237504
14.1544955412
14.1561286518
14.1578103224
14.1580262737
14.1594206295
14.1596187939
14.1610929074
14.1613357182
14.1627755525
14.1629827467
14.1642280458
14.1656795744
14.1658564155
14.1672839973
14.1674943894
14.1684813009
14.1686870645
14.170017118
14.1701978093
14.1714893295
14.1716611643
14.1730148161
14.1732337207
14.1746246227
14.1746685418
14.1751886103
14.1752894784
14.1763737968
14.1764985066
14.1773678558
14.1774928612
14.1779561831
14.1784647739
14.1789615127
14.17946555
14.1797960044
14.1801314057
14.1807440631
14.181266469
14.1813334378
14.1818126546
14.1822634496
14.1823030021
14.1828394837
14.182893959
14.1834042337
14.1839703151
14.1845283481
14.1850686565
14.1855500832
14.185594368
14.1860624417
14.1861063401
14.1866368006
14.187242436
14.1878229142
14.1878681252
14.1886137973
14.1891712565
14.1897255728
14.1902656488
14.1907637764
14.1912523763
14.1917462163
14.1922888381
14.1928055247
14.1932778031
14.1936518936
14.1940631138
14.1944941219
14.1948553967
14.1953416683
14.1958035038
14.1962586443
14.1967338627
14.1971866574
14.1978044484
14.1978690053
14.1983598603
14.1989551126
14.1995698315
14.1996326351
14.2001591747
14.2007060441
14.2007771556
14.2012220662
14.2017634539
14.2022945305
14.2023666242
14.2028530663
14.203401276
14.2039307674
14.2044328854
14.204853158
14.2052039916
14.2058076378
14.2063497266
14.2064113888
14.2069159056
14.2074985665
14.2075608839
14.2080550244
14.2086319763
14.209235166
14.209810935
14.2104508943
14.2110014594
14.2115715285
14.2121664628
14.2122349963
14.2127149704
14.2132172219
14.2136604219
14.2137078021
14.2141640896
14.2142167928
14.2147546138
14.2152996139
14.2153752388
14.215900185
14.2165098493
14.2170540534
14.2175905303
14.217664527
14.2179466621
14.2183705899
14.2189000462
14.2194009781
14.2199083353
14.2199714788
14.2205403414
14.2210106104
14.2214657581
14.2219697166
14.2223766596
14.2229806373
14.2235831805
14.2241356815
14.2242031776
14.2247012834
14.2252790179
14.2258671749
14.2264591628
14.2270443537
14.2271192952
14.2277133729
14.2277844344
14.2282538264
14.2288020008
14.2288749525
14.2293763272
14.2299242097
14.2304863206
14.2310415232
14.2311187044
14.231675882
14.232242915
14.2323123304
14.2327706496
14.2328138752
14.2332884714
14.233835751
14.2343362331
14.2349590419
14.235003034
14.2355055353
14.2361155224
14.2366578113
14.2367271477
14.2369008074
14.2376247322
14.2380926695
14.2387056297
14.2394142967
14.2400277135
14.240587757
14.2411433857
14.241207499
14.2417867282
14.2424526468
14.2425359331
14.2430456941
14.2437316217
14.2443146014
14.2443882732
14.2449442458
14.2456413476
14.2457247449
14.2462896592
14.2469537715
14.2476323514
14.2477500913
14.2477851303
14.2481903593
14.2488351877
14.2489150089
14.2494674963
14.249538492
14.2501062329
14.2507991309
14.2508924533
14.2514319972
14.2520554906
14.2526774533
14.2533044861
14.2538971803
14.2539743529
14.2544963946
14.2550992166
14.2556812975
14.2562184533
14.2568191975
14.2568966368
14.257421282
14.2580151556
14.2586635713
14.2592994307
14.2598687222
14.2604397196
14.26050654
14.2610239051
14.261093409
14.2616266886
14.2622699551
14.2628459668
14.2634324646
14.2639636997
14.2640331697
14.2645634834
14.2651383002
14.2654424408
14.2657137728
14.2664130081
14.2665092662
14.2670802007
14.2677298075
14.2682298981
14.2687821917
14.2694231768
14.2700645308
14.2707229824
14.2707952288
14.2713237779
14.2719377851
14.2719962802
14.2725282558
14.2731573154
14.2732340213
14.2737757573
14.2742844398
14.2743179459
14.2750063327
14.2757284486
14.2765153247
14.2771203109
14.2777401007
14.2782409767
14.2785712704
14.2788242044
14.2792898405
14.2798635356
14.2799357994
14.2804699338
14.2810728945
14.2811325571
14.2816002559
14.2821303128
14.2826529075
14.2831162077
14.2834619045
14.2837691022
14.284067184
14.2843913378
14.2850663606
14.2856959872
14.2862707423
14.2867121887
14.2872303413
14.2877057287
14.288270311
14.2888567195
14.2893953333
14.2899299279
14.2905010668
14.2908682083
14.2914303241
14.291989015
14.2926130477
14.2932200519
14.2937949366
14.2943614328
14.2948899158
14.2954846275
14.2959793263
14.2964788602
14.2969793041
14.2973267231
14.2977435505
14.2981793048
14.2986603697
14.2990520191
14.2994366827
14.2998719803
14.3003640058
14.3007414722
14.3011447326
14.3019853495
14.3024793378
14.3030655169
14.3036305319
14.3041599269
14.3047328884
14.3053163416
14.305936428
14.306583733
14.3075657517
14.3083035388
14.3088291347
14.309343501
14.3098528117
14.3103937573
14.3110598333
14.311638871
14.3121787241
14.3126021357
14.312632218
14.3128553885
14.313458267
14.3139809525
14.3145688578
14.3151196281
14.3157679677
14.3163566429
14.3169340595
14.3173355859
14.3180120998
14.3186526194
14.3191536655
14.3196318268
14.3202370046
14.3208763935
14.3215347329
14.3220854847
14.3224686472
14.323046953
14.3236326721
14.3242026848
14.3247504661
14.3253421896
14.3259071952
14.3264040256
14.3269650229
14.3273464744
14.3278648061
14.3283947872
14.3289889653
14.3295924316
14.330244806
14.3308176385
14.3313837255
14.3318642287
14.3323366457
14.3329327252
14.3335082592
14.3341441701
14.3347620872
14.3352752311
14.3357467098
14.3361225613
14.3363662954
14.3365191171
14.336650953
14.3368776591
14.3371243954
14.3372927713
14.3376033821
14.3380495294
14.3384532043
14.3388555211
14.3392246384
14.3399623348
14.3406819461
14.3415313236
14.3421794696
14.3427856236
14.3434656019
14.3441677043
14.3447590169
14.3453920129
14.3459948061
14.3466264746
14.3472256491
14.3477699104
14.3483590024
14.3489512859
14.3495564505
14.3500943028
14.3506612038
14.351230664
14.3518043794
14.3524160931
14.3530115438
14.3535471025
14.3541019593
14.3546051494
14.3551879454
14.3552506624
14.3557443399
14.3561302392
14.3567416672
14.3573616302
14.3579754882
14.3583173818
14.3588967236
14.3593969309
14.3600947648
14.3606348636
14.3607034748
14.3611802255
14.3617260224
14.3622704549
14.3623349503
14.3625703817
14.3628364264
14.3634148046
14.3634980836
14.3640418605
14.3645488644
14.3649888314
14.3650516543
14.3655428845
14.3656018663
14.3658592856
14.366025797
14.3664524799
14.3671175283
14.3671976433
14.3678011047
14.3683892028
14.3689983389
14.3690781818
14.3696836974
14.3703575279
14.371000526
14.37157903
14.3722134426
14.3722863358
14.3728288226
14.3734808528
14.3735671265
14.3741436931
14.374830635
14.374897254
14.3753946906
14.3759739073
14.3765856644
14.3771101304
14.3777039468
14.3777228028
14.3782097897
14.3788846514
14.3794955775
14.3801250412
14.3802053844
14.380759222
14.3814274521
14.382090413
14.3821707635
14.3827770323
14.3833852199
14.3834648846
14.3840769024
14.3841635119
14.384198314
14.3847501645
14.3854061819
14.3860642277
14.3867190601
14.3873349456
14.3874222363
14.3880199865
14.3887123321
14.3893878901
14.3900194741
14.3901055187
14.3905914582
14.3911824674
14.3912585198
14.3918225225
14.3924583869
14.3925272646
14.3930572054
14.393714296
14.3943373227
14.3949911306
14.3956034412
14.3962122197
14.396284589
14.3968859126
14.3974494782
14.3981214461
14.39876854
14.3994567886
14.4000764395
14.4005783951
14.4009251736
14.4015289651
14.4016009709
14.402138365
14.4027689575
14.40341359
14.4040238159
14.4046448616
14.4052618198
14.4058102104
14.4063437631
14.4069174343
14.4069769444
14.4074680046
14.4080170474
14.4082316653
14.4084726986
14.4086058053
14.4087551331
14.4087777103
14.4089983963
14.4090099886
14.4090625087
14.4091405276
14.4097090098
14.4097827647
14.4103826405
14.4110561125
14.4111445509
14.4116948576
14.4123817968
14.4128204192
14.4132481125
14.4132980618
14.4139339021
14.4140050823
14.4144908335
14.4151643712
14.4153815403
14.4155002586
14.4155978296
14.4158906164
14.4161853802
14.4164822806
14.4165222534
14.416765912
14.4167981989
14.4170420027
14.4173229124
14.4173570829
14.4176182282
14.4179262038
14.4182334258
14.4185361192
14.4185721062
14.4188349062
14.4191255237
14.4191620972
14.4194360553
14.4194730688
14.4197520579
14.4200643179
14.4200977074
14.4203702754
14.42068257
14.4209893866
14.4210215763
14.4212786558
14.4214523272
14.4216976327
14.422002053
14.4220378578
14.4227139868
14.4235233656
14.4236035725
14.424197524
14.4249500886
14.425041117
14.4256955366
14.4264004549
14.426492426
14.4271184944
14.4272070219
14.4277206444
14.4282933367
14.4289763865
14.4296434624
14.4297167222
14.4302787808
14.4308125432
14.4313865474
14.4319715844
14.4320173889
14.4325691674
14.433151622
14.4338019603
14.4338577291
14.434414229
14.4344598039
14.4350178016
14.4356451151
14.4356949961
14.4360213291
14.436743678
14.4374606299
14.4375146497
14.438183658
14.4388837854
14.4389435422
14.439588595
14.4403125582
14.4410327028
14.441773159
14.4424624416
14.4431986904
14.443949813
14.444009065
14.4446490718
14.4447048117
14.445390655
14.4454497357
14.4461158986
14.4461705244
14.446745966
14.4474727824
14.4482022537
14.4482590613
14.4488622702
14.4496012665
14.4496552764
14.4502012329
14.4508337994
14.4514908464
14.4521101538
14.4521605181
14.4527619256
14.4533665371
14.4534157777
14.4540081596
14.4546555025
14.4552906154
14.4559372638
14.4559857153
14.4565116598
14.4571009825
14.4572005681
14.4576514616
14.4577019338
14.4582659992
14.4589007074
14.4589523863
14.4595982214
14.4602711624
14.4609393519
14.4616423459
14.46169716
14.4619135438
14.4622317049
14.4627810015
14.4631836391
14.4635860372
14.4639883594
14.4640251348
14.4643621847
14.4648974658
14.4649552552
14.4655900103
14.4662408509
14.4662920993
14.4666007275
14.4669726275
14.4670007023
14.4673536586
14.4675433505
14.4675491547
14.467941343
14.468562572
14.4686326415
14.4690098345
14.4696762302
14.4697618339
14.4703454905
14.4704259145
14.470759889
14.4708028988
14.4713751495
14.4714497732
14.4720590616
14.4727491266
14.4730929872
14.473445372
14.4734840487
14.4740740783
14.4746981502
14.4752890655
14.4759267477
14.4763276308
14.4766863176
14.4771580703
14.4777845438
14.4784319631
14.4790971657
14.4791717158
14.4794695089
14.4795099754
14.479830185
14.4802000825
14.4806109387
14.4809797791
14.4810308954
14.4812272157
14.4816415407
14.4821709853
14.4827261099
14.4832623842
14.4837019385
14.4840833844
14.4845699293
14.4851655274
14.4857745801
14.4863556833
14.48691537
14.4874615204
14.4880108629
14.4880734874
14.4885832685
14.489178965
14.4896966422
14.4902693483
14.4908354387
14.4908971367
14.4913885535
14.491964992
14.492019693
14.4922765436
14.4923539865
14.4928560958
14.4934434178
14.4940017539
14.4946630875
14.4953135492
14.4953973194
14.4959449598
14.4960373194
14.4966002628
14.4972447576
14.4973167245
14.4976398082
14.4982626179
14.498330301
14.4988693835
14.4994138754
14.4999417387
14.5003219944
14.5003637017
14.5006837586
14.500722076
14.5011215395
14.5016824717
14.5022457047
14.5028332572
14.5029026816
14.5033787408
14.5034375932
14.5039237114
14.5039820926
14.5044669581
14.5050041075
14.5055268014
14.5056032422
14.5060729297
14.5066150889
14.5066877434
14.5070505565
14.5070998304
14.5074884956
14.5075410631
14.5079136846
14.508335177
14.5083887547
14.5087720727
14.5092427684
14.5097076404
14.5097551846
14.5101551409
14.5105964354
14.5110748932
14.5115350211
14.5115900098
14.5119940819
14.5124543926
14.5128869789
14.512943815
14.5133266751
14.5137833056
14.5141803175
14.5142296216
14.5146161954
14.5150469887
14.5154640141
14.5155154319
14.5159134561
14.5163503963
14.5165457259
14.516877863
14.517363707
14.5174246749
14.517822409
14.5182268406
14.5186747612
14.518735543
14.5191561746
14.5196265591
14.519691691
14.5201514743
14.5206626754
14.5212448042
14.5217483613
14.5217965692
14.5220911182
14.522148419
14.5226336382
14.5231644651
14.5232397586
14.523702258
14.5240202425
14.5242999572
14.5248350738
14.5253542863
14.5254107418
14.52584348
14.5263434013
14.526874005
14.52739013
14.5278846164
14.528385871
14.5288941107
14.5289515163
14.5294107527
14.5298978625
14.5304128204
14.5308939942
14.5309631512
14.5314007265
14.5314693286
14.5319174432
14.5323938418
14.5329155306
14.5333957038
14.5339069721
14.533966836
14.5343903431
14.5348733469
14.5349309216
14.5354097168
14.5359221726
14.5364381769
14.5369818202
14.5375020028
14.5375598361
14.5380065573
14.5385221352
14.5388978181
14.5392460636
14.539767744
14.5398382138
14.5402978289
14.5408480861
14.5409231998
14.54094382
14.541463803
14.541527557
14.5419462057
14.5420165386
14.5425117216
14.5425527727
14.5431318839
14.5437504358
14.5443073212
14.5448388768
14.5448813879
14.5453265318
14.5458734285
14.5464270323
14.5470060342
14.5470523697
14.5476056712
14.5482458473
14.5482901301
14.5488603645
14.5494934795
14.5500786746
14.5501238139
14.550674849
14.5513006151
14.551912255
14.5525369975
14.5525818663
14.5531690692
14.5537701496
14.5543973183
14.5550464051
14.5556494054
14.5563319019
14.5569372385
14.5569738921
14.5571984069
14.557887274
14.5585362605
14.5592232778
14.5598913551
14.5605612787
14.5606233461
14.5611803506
14.5618223789
14.5624605696
14.5625178676
14.5630689185
14.5636637021
14.563703357
14.5637358112
14.5639932291
14.5640347198
14.5645121538
14.565049172
14.5650990777
14.5655663731
14.5660619438
14.5661029277
14.5665968481
14.5666457071
14.5671183136
14.5676513891
14.5676965576
14.5681858443
14.5687106062
14.5691903877
14.5696720352
14.569711923
14.5700759388
14.570438131
14.5708346457
14.5712898893
14.5713259605
14.5717184655
14.5717528297
14.5721623093
14.5726351408
14.5726787721
14.5731091095
14.5731479087
14.5733071833
14.5737515694
14.5741618739
14.5741912932
14.5746098563
14.5749759865
14.5750278068
14.5753964302
14.5758041282
14.5758331174
14.5762173429
14.5766313462
14.5766711484
14.5771080379
14.5775982158
14.578093571
14.578583882
14.5790271224
14.579500351
14.5800254972
14.5805311186
14.5805714281
14.5809958788
14.5814764145
14.5819640803
14.5824686365
14.5829593973
14.5834126244
14.5839047296
14.5843919916
14.5849137513
14.5854100698
14.5859326948
14.5864757681
14.5865481745
14.5867762542
14.5868557401
14.5869170854
14.5875252783
14.5876047798
14.5881926352
14.5887734627
14.5888355411
14.5893229025
14.589886368
14.5904340877
14.5909526941
14.5910227065
14.591503769
14.5921195865
14.5921858222
14.5927052328
14.5932012237
14.5937821569
14.594400156
14.5949791638
14.5950411757
14.5955252925
14.5955887885
14.5960848083
14.5966902812
14.5967661803
14.5972562134
14.5977198075
14.5982280404
14.5987493652
14.5987881654
14.5991724036
14.599768418
14.600382483
14.6009717811
14.601528591
14.6021089982
14.6026754404
14.6027444129
14.6032642207
14.6038376077
14.6038914977
14.6043268274
14.6043941621
14.6048244839
14.6053477914
14.6054844734
14.6056743554
14.6057390036
14.6063457075
14.6070154418
14.6076432007
14.6077127574
14.6082897902
14.6083647517
14.6089057973
14.60953554
14.6100718662
14.6105876168
14.6112267307
14.6118880934
14.6125574655
14.6132646139
14.6139973935
14.6141307556
14.614679166
14.6147508457
14.6152743156
14.6158584189
14.6159365149
14.6164574328
14.6170256519
14.617640805
14.6182652741
14.6183320883
14.6188425173
14.6194079809
14.6194816733
14.6200156735
14.6205728431
14.6211922679
14.6212667593
14.6218327987
14.6224606706
14.6229782164
14.6230303765
14.6235361124
14.6240810449
14.6247006479
14.6247668741
14.6252947463
14.6253712811
14.6258771552
14.6264855545
14.6270932684
14.6271601275
14.6276037798
14.6280987057
14.6286243526
14.6291348329
14.629607444
14.6300924518
14.6301468621
14.6305791069
14.631040149
14.6310921058
14.6315161946
14.6319947223
14.6320476775
14.6324725943
14.6325435887
14.6329352818
14.6329993657
14.633099134
14.6335721616
14.6340810406
14.6345687423
14.6350869631
14.6356098436
14.6360817362
14.6365737974
14.6370387478
14.6374939064
14.6379941924
14.6384719458
14.6389534794
14.6394478691
14.639966167
14.6404919614
14.6409970807
14.6412129942
14.6413862957
14.6415346814
14.6416627931
14.641792377
14.6419004119
14.6419961096
14.6420914753
14.6421828273
14.6422837154
14.6423939428
14.6425051238
14.6426082342
14.6427072424
14.6431340605
14.6435526459
14.6440194263
14.6444664894
14.644934509
14.6449748174
14.6450603451
14.6451383926
14.6452174382
14.6452219154
14.6452943914
14.6453583696
14.6454402378
14.6455176057
14.6456019518
14.6457073352
14.645791395
14.6458749183
14.645963314
14.646131106
14.6461656735
14.6467724728
14.6495646753
14.6505842797
14.6509850783
14.6527021752
14.655867073
14.6584246545
14.6609493426
14.6632419219
14.6656511192
14.6679077063
14.6702228635
14.6725050574
14.6748582001
14.677357379
14.6797855063
14.6824505387
14.6848527833
14.6871440732
14.6894537143
14.6905568052
14.6910034981
14.6914393352
14.6917939955
14.6922557713
14.6927143797
14.6931988744
14.6937280451
14.6942581324
14.6947491186
14.695250922
14.6957571582
14.6958664854
14.695931482
14.6959906329
14.6960749708
14.6961739172
14.6962550485
14.6962587388
14.6962830123
14.6965454633
14.696674506
14.697221652
14.6977987061
14.6984067403
14.698933195
14.6994454371
14.699950082
14.70049362
14.70103107
14.7015075217
14.7020195378
14.7025393441
14.7031153856
14.703652926
14.7042519965
14.7046530543
14.705092614
14.7054371685
14.7056436468
14.7061802728
14.706649625
14.7071535178
14.7077225657
14.708267186
14.7088203002
14.7093830686
14.7099262013
14.7104547003
14.7109891467
14.7115169398
14.7120832424
14.7126596167
14.7132271815
14.7138010462
14.7143772737
14.714924432
14.7154555828
14.7160143694
14.7165223194
14.717082592
14.7176148418
14.7182286819
14.7187839253
14.7193776225
14.7198470979
14.7203615671
14.7209339972
14.7214951009
14.7220553392
14.7226093872
14.7231483762
14.7236960905
14.7242569786
14.72482235
14.7253493763
14.7254166383
14.725445366
14.7259299381
14.7263129119
14.727397742
14.7285971902
14.7297953753
14.7310163904
14.7322434209
14.7334642465
14.7347419755
14.7360685537
14.7372968129
14.7384784949
14.7395658564
14.7407041749
14.7418275406
14.7428920925
14.7440798899
14.7452737765
14.7464628529
14.7475666212
14.7489831983
14.7504664114
14.7505509823
14.7511839857
14.7523721217
14.7535010469
14.7547209729
14.7561303749
14.7573854919
14.7585122843
14.7597139548
14.7606601464
14.7616386575
14.7627255577
14.7638375647
14.7650003153
14.7661329177
14.7673867862
14.7685703899
14.7696597732
14.7707571838
14.7719447854
14.7730816315
14.7740561029
14.7751191996
14.7762440359
14.7772115304
14.7783534401
14.7794037154
14.7805077909
14.7816137345
14.7825725186
14.783668214
14.7847575419
14.7858095614
14.7868898518
14.7880597842
14.7891970962
14.7902551659
14.7913067116
14.7923660073
14.7934651872
14.7945643292
14.7957177549
14.7969288348
14.7981552275
14.7993155545
14.8004546041
14.8016811194
14.8029176067
14.8042287952
14.8053601978
14.8065532058
14.8077740832
14.8090710944
14.8103858762
14.8114841241
14.8126013121
14.8137572413
14.8148883016
