0.01691113                              3.017241
0.05194133                              3.034483
0.09542709                              3.017241
0.1485764                               3.051724
0.1896462                               3.034483
0.2246764                               3.068966
0.2802416                               3.12069
0.3333909                               3.224138
0.3768766                               3.362069
0.4143227                               3.482759
0.4614323                               3.672414
0.5000863                               3.810345
0.5290768                               3.931034
0.5653149                               4.103448
0.5979292                               4.224138
0.6438309                               4.431034
0.6788611                               4.568966
0.7211389                               4.758621
0.7682485                               4.965517
0.8226057                               5.189655
0.8733391                               5.327586
0.9156169                               5.482759
0.9470233                               5.637931
0.9844694                               5.741379
1.029163                                5.896552
1.064193                                6
1.104055                                6.103448
1.146333                                6.172414
1.183779                                6.327586
1.227265                                6.37931
1.267127                                6.482759
1.302157                                6.517241
1.337187                                6.517241
