112000.0
112001.416667
112013.083334
112022.416667
112046.166667
112070.083334
112093.833334
112117.750001
112141.500001
112165.416668
112189.166668
112213.083335
112236.833335
112260.750002
112284.500002
112308.416669
112332.166669
112356.083336
112379.833336
112403.166669
112426.250002
112450.166669
112473.916669
112497.833336
112499.750003
112513.583336
112537.500003
112561.250003
112585.16667
112608.91667
112632.833337
112656.583337
112680.500004
112700.166671
112720.583338
112744.333338
112768.250005
112792.000005
112815.916672
112839.666672
112863.583339
112887.333339
112911.250006
112935.000006
112958.916673
112982.666673
113006.58334
113030.33334
113054.250007
113078.000007
113101.916674
113125.666674
113149.583341
113169.500008
113193.416675
113217.166675
113241.083342
113264.833342
113288.750009
113312.500009
113336.416676
113360.166676
113384.083343
113407.833343
113431.75001
113455.50001
113479.416677
113503.166677
113527.083344
113550.833344
113574.750011
113598.500011
113622.416678
113646.166678
113670.083345
113693.833345
113717.750012
113740.916679
113764.833346
113788.583346
113812.500013
113836.250013
113839.16668
113860.000013
113883.91668
113907.66668
113925.083347
113927.91668
113948.833347
113972.583347
113975.583347
113996.41668
114020.333347
114044.083347
114068.000014
114091.750014
114115.666681
114139.416681
114163.333348
114187.083348
114211.000015
114234.750015
114258.666682
114282.416682
114306.333349
114330.083349
114354.000016
114377.333349
114381.250016
114387.000016
114410.916683
114434.666683
114437.666683
114458.500016
114482.416683
114506.166683
114530.08335
114553.83335
114577.750017
114601.500017
114625.416684
114649.166684
114652.083351
114672.916684
114696.833351
114720.583351
114744.500018
114747.333351
114768.250018
114792.000018
114795.000018
114815.833351
114839.750018
114842.583351
114863.500018
114887.250018
114911.166685
114914.000018
114934.916685
114958.666685
114961.583352
114982.416685
114985.416685
115006.250018
115030.166685
115053.916685
115077.833352
115101.583352
115125.500019
115149.250019
115173.166686
115196.916686
115199.916686
115220.750019
115244.666686
115264.666686
115275.250019
115299.000019
115302.000019
115322.833352
115346.750019
115370.500019
115394.416686
115418.166686
115442.083353
115465.833353
115489.75002
115513.50002
115537.416687
115561.166687
115564.166687
115585.00002
115608.916687
115632.666687
115656.583354
115680.333354
115704.250021
115728.000021
115751.916688
115754.750021
115775.666688
115799.416688
115823.333355
115847.083355
115850.083355
115870.916688
115894.833355
115918.583355
115942.500022
115966.250022
115969.166689
115990.000022
116013.916689
116037.666689
116061.583356
116085.333356
116090.250023
116098.833356
116122.750023
116146.500023
116149.500023
116170.333356
116194.250023
116197.000023
116217.91669
116241.66669
116265.583357
116268.333357
116289.250024
116292.000024
116312.916691
116315.750024
116336.666691
116360.416691
116384.333358
116408.083358
116432.000025
116455.750025
116458.750025
116479.583358
116482.500025
116503.333358
116506.250025
116527.083358
116530.000025
116550.833358
116574.750025
116577.583358
116598.500025
116601.250025
116622.166692
116625.000025
116645.916692
116648.666692
116669.583359
116672.416692
116693.333359
116696.166692
116717.083359
116718.166692
116739.083359
116741.833359
116762.750026
116765.583359
116786.500026
116789.250026
116810.083359
116834.000026
116857.750026
116881.083359
116899.166692
116914.416692
116938.166692
116962.083359
116964.833359
116986.750026
117010.500026
117012.416693
117034.250026
117036.166693
117058.000026
117081.916693
117105.666693
117129.58336
117153.33336
117155.250027
117177.08336
117179.000027
117200.83336
117224.750027
117248.500027
117250.416694
117272.250027
117296.166694
117319.916694
117343.833361
117367.583361
117391.500028
117415.250028
117439.166695
117462.916695
117486.833362
117510.583362
117534.500029
117558.250029
117582.166696
117605.916696
117629.833363
117653.583363
117674.916696
117695.833363
117719.583363
117722.50003
117743.416697
117766.25003
117790.166697
117792.916697
117813.833364
117837.583364
117840.500031
117861.333364
117885.250031
117909.000031
117911.916698
117932.750031
117956.666698
117980.416698
118004.333365
118028.083365
118052.000032
118075.750032
118099.666699
118102.416699
118123.333366
118147.083366
118150.000033
118170.833366
118194.750033
118218.500033
118242.4167
118266.1667
118290.083367
118313.833367
118337.750034
118340.500034
118361.416701
118385.166701
118408.416701
118411.250034
118432.166701
118434.916701
118455.833368
118479.583368
118482.583368
118503.416701
118527.333368
118551.083368
118575.000035
118577.750035
118598.666702
118622.416702
118646.333369
118670.083369
118694.000036
118696.750036
118717.666703
118741.416703
118765.33337
118788.83337
118806.666703
118830.58337
118854.33337
118878.250037
118881.000037
118901.916704
118925.666704
118949.583371
118973.333371
118997.250038
119000.000038
119020.916705
119023.666705
119044.583372
119068.333372
119071.250039
119092.083372
119116.000039
119139.750039
119163.666706
119166.500039
119187.416706
119211.166706
119214.166706
119235.000039
119237.916706
119258.750039
119282.666706
119306.416706
119330.333373
119333.083373
119354.00004
119377.75004
119401.666707
119404.416707
119412.083374
119436.000041
119453.916708
119474.750041
119498.666708
119522.416708
119546.333375
119570.083375
119573.000042
119593.833375
119617.750042
119620.500042
119641.416709
119665.166709
119685.583376
119688.333376
119709.250043
119733.000043
119735.91671
119756.750043
119780.66671
119804.41671
119807.91671
119810.333377
119834.083377
119858.000044
119860.750044
119881.666711
119884.500044
119905.416711
119929.166711
119932.083378
119952.916711
119976.833378
120000.583378
120024.500045
120048.250045
120051.166712
120072.000045
120095.916712
120119.666712
120143.583379
120167.333379
120170.250046
120191.083379
120215.000046
120238.750046
120262.666713
120286.416713
120310.33338
120313.08338
120334.000047
120336.750047
120357.666714
120381.416714
120405.333381
120429.083381
120453.000048
120455.750048
120476.666715
120500.416715
120511.916715
120526.833382
120550.583382
120553.583382
120574.416715
120598.333382
120622.083382
120646.000049
120669.750049
120693.666716
120717.416716
120720.333383
120741.166716
120765.083383
120767.916716
120788.833383
120812.583383
120815.50005
120836.333383
120860.25005
120863.00005
120886.916717
120910.666717
120934.583384
120958.333384
120982.250051
121006.000051
121029.333384
121052.833384
121076.750051
121100.500051
121103.416718
121124.250051
121148.166718
121150.916718
121171.833385
121195.583385
121219.500052
121243.250052
121267.166719
121290.916719
121314.833386
121338.583386
121362.500053
121386.250053
121410.16672
121433.000053
121456.91672
121480.66672
121504.583387
121528.333387
121552.250054
121576.000054
121599.916721
121623.666721
121647.583388
121671.333388
121695.250055
121719.000055
121742.916722
121766.666722
121790.583389
121814.333389
121838.250056
121862.000056
121885.916723
121909.666723
121933.58339
121957.33339
121981.250057
122005.000057
122028.916724
122052.666724
122076.583391
122100.333391
122124.250058
122148.000058
122171.916725
122195.416725
122219.333392
122243.083392
122267.000059
122290.750059
122314.666726
122338.416726
122362.000059
122385.750059
122409.666726
122433.416726
122457.333393
122481.083393
122505.00006
122528.75006
122552.666727
122576.416727
122579.166727
122589.583394
122613.500061
122637.250061
122661.166728
122684.916728
122708.833395
122732.583395
122756.500062
122780.250062
122804.166729
122827.916729
122851.833396
122875.333396
122899.250063
122923.000063
122946.91673
122970.66673
122994.583397
123018.333397
123042.250064
123066.000064
123089.916731
123113.666731
123137.583398
123161.333398
123185.250065
123209.000065
123232.916732
123256.666732
123280.583399
123304.333399
123328.250066
123352.000066
123375.916733
123399.666733
123423.5834
123447.3334
123471.250067
123495.000067
123518.916734
123542.666734
123566.583401
123590.333401
123613.833401
123637.333401
123659.750068
123683.500068
123707.416735
123729.250068
123753.166735
123776.916735
123800.833402
123821.166735
123832.000068
123855.750068
123879.666735
123903.416735
123927.333402
123951.083402
123975.000069
123998.750069
124022.666736
124046.416736
124070.333403
124094.083403
124118.00007
124141.75007
124165.666737
124189.416737
124213.333404
124237.083404
124261.000071
124284.750071
124308.666738
124332.416738
124356.333405
124380.083405
124404.000072
124427.750072
124451.666739
124454.500072
124475.416739
124499.166739
124523.083406
124546.833406
124570.750073
124586.750073
124610.66674
124634.41674
124658.333407
124682.083407
124685.000074
124705.833407
124729.750074
124752.916741
124755.833408
124766.583408
124778.416741
124802.166741
124805.083408
124825.916741
124849.833408
124873.583408
124876.500075
124897.333408
124900.250075
124921.083408
124936.916741
124955.083408
124979.000075
124981.750075
125002.666742
125026.416742
125050.333409
125053.083409
125074.000076
125097.750076
125121.666743
125145.416743
125169.33341
125172.08341
125193.000077
125216.750077
125219.666744
125240.500077
125264.416744
125267.166744
125288.083411
125311.833411
125335.750078
125359.500078
125383.416745
125384.416745
125401.916745
125425.833412
125449.583412
125473.500079
125476.333412
125497.250079
125521.000079
125544.916746
125547.750079
125568.666746
125592.416746
125595.416746
125616.250079
125619.166746
125620.000079
125640.916746
125664.666746
125688.583413
125712.333413
125736.25008
125739.083413
125760.00008
125783.75008
125807.666747
125831.416747
125834.333414
125855.166747
125879.083414
125881.833414
125902.750081
125926.500081
125929.416748
125950.250081
125974.166748
125997.916748
126021.833415
126045.583415
126069.500082
126072.250082
126093.166749
126113.500082
126137.416749
126161.166749
126185.083416
126208.833416
126230.833416
126248.583416
126272.500083
126275.250083
126296.16675
126319.91675
126343.833417
126367.583417
126391.500084
126415.250084
126439.166751
126462.916751
126486.833418
126489.583418
126510.500085
126534.250085
126555.416752
126579.166752
126593.750085
126617.166752
126620.083419
126640.916752
126641.583419
126644.083419
126646.916752
126667.833419
126670.583419
126691.500086
126715.250086
126718.250086
126739.083419
126763.000086
126786.750086
126810.666753
126813.416753
126834.33342
126837.08342
126858.000087
126881.750087
126891.916754
126909.166754
126918.583421
126942.500088
126966.250088
126990.166755
126993.000088
127013.916755
127016.666755
127037.583422
127061.333422
127064.250089
127085.083422
127109.000089
127132.750089
127156.666756
127159.416756
127180.333423
127204.083423
127207.00009
127227.833423
127230.75009
127251.583423
127275.50009
127278.25009
127299.166757
127322.916757
127346.833424
127349.583424
127370.500091
127394.250091
127418.166758
127441.916758
127444.833425
127465.666758
127489.500091
127492.250091
127513.166758
127536.916758
127539.833425
127560.666758
127584.583425
127587.333425
127608.250092
127611.000092
127631.916759
127654.666759
127678.583426
127702.333426
127705.250093
127726.083426
127750.000093
127773.750093
127797.66676
127799.41676
127821.333427
127845.083427
127869.000094
127870.750094
127892.666761
127894.416761
127916.333428
127940.083428
127942.083428
127955.833428
127979.583428
128003.500095
128005.250095
128027.166762
128050.916762
128052.833429
128074.666762
128098.583429
128122.333429
128146.250096
128170.000096
128193.916763
128217.666763
128219.58343
128241.416763
128243.33343
128265.166763
128267.166763
128289.000096
128290.916763
128312.750096
128336.666763
128360.416763
128362.33343
128384.166763
128408.08343
128409.83343
128431.750097
128455.500097
128479.416764
128503.166764
128505.083431
128526.916764
128550.833431
128552.583431
128574.500098
128598.250098
128622.166765
128645.916765
128647.833432
128669.666765
128693.583432
128696.833432
128715.000099
128716.916766
128738.750099
128762.666766
128764.500099
128786.416766
128810.166766
128834.083433
128857.833433
128859.7501
128881.666767
128905.416767
128929.333434
128953.083434
128977.000101
129000.750101
129002.750101
129024.583434
129048.500101
129050.250101
129072.166768
129095.916768
129097.833435
129119.666768
129143.583435
129145.333435
129167.250102
129180.666769
129181.250102
129196.666769
129220.583436
129223.333436
129236.666769
129260.583436
129263.333436
129284.250103
129287.000103
129307.91677
129310.66677
129331.583437
129334.333437
129355.250104
129379.000104
129402.916771
129426.666771
129429.583438
129450.416771
129474.333438
129498.083438
129522.000105
129545.750105
129569.666772
129593.416772
129617.333439
129641.083439
129665.000106
129667.750106
129688.666773
129691.416773
129712.33344
129736.08344
129760.000107
129783.750107
129786.666774
129796.833441
129817.750108
129841.500108
129865.416775
129889.166775
129913.083442
129936.833442
129960.750109
129984.500109
130008.416776
130032.166776
130056.083443
130079.833443
130103.75011
130106.50011
130127.416777
130151.166777
130175.083444
130198.833444
130222.750111
130225.500111
130246.416778
130270.166778
130273.000111
130283.833444
130286.750111
130307.583444
130331.500111
130355.250111
130379.166778
130402.916778
130405.833445
130426.666778
130429.583445
130450.416778
130474.333445
130477.083445
130492.250112
130516.166779
130518.916779
130539.666779
130563.416779
130587.333446
130611.083446
130614.000113
130634.833446
130637.750113
130658.583446
130682.500113
130706.250113
130730.16678
130732.91678
130753.833447
130756.583447
130777.500114
130780.250114
130801.166781
130824.916781
130848.833448
130851.583448
130872.500115
130896.250115
130899.166782
130920.000115
130922.916782
130943.750115
130946.666782
130967.500115
130991.416782
130994.166782
131015.083449
131038.833449
131062.750116
131065.500116
131086.416783
131110.166783
131134.08345
131157.83345
131160.750117
131181.58345
131205.500117
131229.250117
131232.166784
131253.000117
131276.916784
131300.666784
131303.583451
131324.416784
131348.333451
131372.083451
131375.000118
131395.833451
131419.750118
131433.250118
131451.416785
131475.166785
131478.083452
131498.916785
131520.083452
131541.416785
131544.333452
131565.166785
131589.083452
131591.833452
131612.750119
131636.500119
131660.416786
131684.166786
131686.333453
131700.416786
131703.166786
131724.083453
131747.833453
131750.75012
131771.583453
131786.75012
131805.166787
131828.916787
131852.833454
131855.666787
131876.583454
131900.000121
131923.916788
131947.666788
131971.583455
131995.333455
132019.250122
132022.000122
132042.916789
132066.666789
132090.583456
132114.333456
132117.333456
132138.166789
132141.083456
132161.916789
132185.833456
132209.583456
132233.500123
132257.250123
132260.16679
132281.000123
132304.91679
132307.66679
132328.583457
132352.333457
132376.250124
132400.000124
132423.916791
132426.666791
132447.583458
132471.333458
132495.250125
132519.000125
132542.916792
132545.666792
132566.583459
132590.333459
132593.333459
132593.916792
132614.833459
132617.583459
132635.166792
132638.333459
132662.250126
132664.083459
132686.000126
132709.750126
132731.583459
132755.333459
132757.250126
132779.083459
132803.000126
132826.750126
132850.666793
132852.500126
132874.416793
132898.166793
132900.08346
132921.916793
132945.83346
132969.58346
132971.500127
132993.33346
133017.250127
133041.000127
133064.916794
133066.666794
133088.583461
133112.333461
133136.250128
133160.000128
133183.166795
133206.916795
133230.833462
133232.583462
133240.333462
133264.250129
133288.000129
133311.916796
133335.666796
133359.583463
133361.416796
133383.333463
133407.083463
133431.00013
133432.75013
133454.666797
133478.416797
133480.333464
133481.666797
133494.75013
133496.666797
133518.50013
133542.416797
133544.166797
133566.083464
133589.833464
133591.750131
133613.583464
133615.583464
133637.416797
133661.333464
133663.083464
133685.000131
133708.750131
133732.666798
133756.416798
133758.333465
133780.166798
133804.083465
133827.833465
133851.750132
133853.583465
133875.500132
133877.250132
133899.166799
133922.916799
133924.916799
133946.750132
133948.666799
133957.000132
133978.833465
134002.583465
134004.500132
134026.333465
134046.416798
134049.333465
134073.083465
134097.000132
134098.750132
134120.666799
134144.416799
134146.333466
134168.166799
134192.083466
134215.833466
134239.750133
134263.500133
134287.4168
134311.1668
134335.083467
134336.833467
134358.750134
134382.500134
134405.416801
134429.166801
134452.083468
134475.833468
134499.750135
134523.500135
134547.416802
134571.166802
134595.083469
134618.833469
134621.750136
134632.500136
134636.250136
134639.166803
134660.000136
134662.916803
134683.750136
134707.666803
134710.416803
134731.33347
134755.08347
134779.000137
134802.750137
134805.750137
134826.58347
134850.500137
134853.33347
134874.250137
134896.166804
134920.083471
134943.833471
134967.750138
134970.500138
134991.416805
134994.166805
135015.083472
135038.833472
135041.833472
135062.666805
135086.583472
135110.333472
135134.250139
135137.083472
135158.000139
135181.750139
135205.666806
135229.416806
135253.333473
135277.083473
135301.00014
135303.75014
135324.666807
135348.416807
135351.333474
135372.166807
135375.083474
135395.916807
135419.833474
135425.750141
135432.666808
135435.416808
135456.333475
135480.083475
135504.000142
135506.750142
135527.666809
135530.416809
135551.000142
135574.750142
135598.666809
135622.416809
135646.333476
135670.083476
135694.000143
135717.750143
135741.66681
135746.000143
135766.250143
135769.083476
135790.000143
135813.750143
135816.750143
135837.583476
135861.500143
135885.250143
135909.16681
135911.91681
135932.833477
135956.583477
135959.500144
135980.333477
136004.250144
136028.000144
136030.916811
136051.750144
136075.666811
136099.416811
136102.333478
136123.166811
136147.083478
136170.833478
136173.750145
136194.583478
136197.500145
136218.333478
136242.250145
136266.000145
136268.916812
136289.750145
136313.666812
136337.416812
136361.333479
136385.083479
136409.000146
136411.833479
136432.750146
136456.500146
136459.416813
136480.250146
136504.166813
136506.916813
136527.83348
136530.58348
136551.500147
136554.33348
136559.500147
136583.250147
136607.166814
136630.916814
136654.833481
136678.583481
136702.500148
136726.250148
136750.166815
136773.916815
136797.833482
136821.583482
136845.500149
136869.250149
136893.166816
136916.916816
136940.833483
136964.583483
136988.50015
137012.25015
137036.166817
137059.916817
137083.833484
137107.583484
137131.500151
137155.250151
137179.166818
137202.916818
137226.833485
137250.583485
137274.500152
137298.250152
137322.166819
137345.916819
137369.833486
137393.583486
137395.500153
137417.333486
137441.250153
137465.000153
137466.91682
137488.750153
137507.91682
137531.66682
137555.583487
137579.333487
137603.250154
137627.000154
137650.916821
137674.666821
137697.666821
137699.500154
137717.666821
137741.583488
137765.333488
137789.250155
137813.000155
137836.916822
137860.666822
137884.583489
137908.333489
137932.250156
137956.000156
137979.916823
138003.666823
138027.58349
138051.33349
138075.250157
138099.000157
138122.916824
138146.666824
138170.583491
138194.333491
138218.250158
138242.000158
138265.916825
138289.666825
138313.583492
138337.333492
138361.250159
138385.000159
138408.916826
138432.666826
138456.583493
138473.25016
138497.166827
138520.916827
138544.833494
138568.583494
138592.500161
138593.166828
138606.916828
138622.250161
138643.916828
138667.833495
138691.583495
138715.500162
138739.250162
138763.166829
138786.916829
138810.833496
138834.583496
138858.500163
138882.250163
138906.16683
138929.91683
138953.833497
138977.583497
139001.500164
139025.250164
139045.166831
139059.083498
139083.000165
139106.750165
139130.666832
139154.416832
139178.333499
139202.083499
139226.000166
139249.750166
139273.666833
139297.416833
139321.3335
139345.0835
139369.000167
139392.750167
139416.666834
139440.416834
139464.333501
139488.083501
139512.000168
139535.750168
139559.666835
139583.416835
139607.333502
139631.083502
139655.000169
139678.750169
139702.666836
139726.416836
139750.333503
139774.083503
139798.00017
139821.75017
139845.666837
139869.416837
139893.333504
139917.083504
139920.000171
139921.416838
139933.083505
139942.416838
139966.166838
139990.083505
140013.833505
140037.750172
140061.500172
140085.416839
140109.166839
140133.083506
140156.833506
140180.750173
140204.500173
140228.41684
140252.16684
140276.083507
140299.833507
140323.16684
140346.250173
140370.16684
140393.91684
140417.833507
140419.750174
140433.583507
140457.500174
140481.250174
140505.166841
140528.916841
140552.833508
140576.583508
140600.500175
140620.166842
140640.583509
140664.333509
140688.250176
140712.000176
140735.916843
140759.666843
140783.58351
140807.33351
140831.250177
140855.000177
140878.916844
140902.666844
140926.583511
140950.333511
140974.250178
140998.000178
141021.916845
141045.666845
141069.583512
141089.500179
141113.416846
141137.166846
141161.083513
141184.833513
141208.75018
141232.50018
141256.416847
141280.166847
141304.083514
141327.833514
141351.750181
141375.500181
141399.416848
141423.166848
141447.083515
141470.833515
141494.750182
141518.500182
141542.416849
141566.166849
141590.083516
141613.833516
141637.750183
141660.91685
141684.833517
141708.583517
141732.500184
141756.250184
