1.71
1.71043310741
1.71075806967
1.71155554107
1.7124092033
1.71326190636
1.71410615721
1.71492813276
1.71575021811
1.71660387797
1.71747348845
1.71834113339
1.71920658515
1.7199976537
1.72082883302
1.72164094212
1.72240073262
1.7232173055
1.72399040051
1.72481229862
1.72568848559
1.72657508599
1.72745810105
1.7275279217
1.72797477107
1.72879563692
1.72966069673
1.73048227695
1.73135873965
1.73219175356
1.73298613536
1.73380511253
1.73450434532
1.7352083593
1.73596366327
1.73677826847
1.73760995703
1.73846364771
1.73933118404
1.74018645793
1.74106282877
1.74192035559
1.74280571258
1.74366301293
1.74446352565
1.74530449381
1.74617372262
1.7469905478
1.74787030488
1.7486642281
1.74948845498
1.75031774069
1.75099653997
1.75180103802
1.75257292078
1.75335033495
1.75416360537
1.75496673794
1.75577787782
1.75658057961
1.75737315941
1.75816034194
1.75896969549
1.75979632872
1.76063241053
1.76146326075
1.76229185064
1.76310913637
1.76394234549
1.76476204835
1.76554430989
1.76635600113
1.76717522195
1.76805232391
1.7689115779
1.76978346629
1.77067476311
1.77149901556
1.77232008096
1.77316549101
1.77398405768
1.77407783751
1.77477773821
1.77563880447
1.77647116275
1.77707744795
1.77717421998
1.77788146025
1.778724828
1.7788393231
1.77956758969
1.78032352263
1.78111712196
1.7819532325
1.7827847959
1.78367256342
1.78452021516
1.78533759646
1.78613561008
1.78692138612
1.78771971041
1.78852793308
1.78930826457
1.79019795902
1.791007484
1.79177778385
1.79258053194
1.79271767989
1.79291721464
1.79371932661
1.79446616339
1.79455953967
1.79526432066
1.7961002827
1.79698926991
1.79786344376
1.79867131293
1.79949726965
1.80025409788
1.80100783212
1.80180315086
1.80189579189
1.80260030902
1.8033777336
1.80422842432
1.80509465629
1.80518870809
1.80589869
1.80672857573
1.80683634131
1.80753419486
1.80836433463
1.80846835997
1.80918862389
1.81001367513
1.81087606198
1.81096888048
1.81166736901
1.81247704873
1.81257463698
1.81327239454
1.81336841507
1.81405638114
1.81484287998
1.81565368376
1.8164942579
1.81732423039
1.81814459249
1.81889984254
1.81967186145
1.82045696369
1.82055563867
1.82124970319
1.82203997744
1.82268126904
1.8229772485
1.82371976504
1.82381429077
1.82450888314
1.82528728135
1.82610577471
1.82693465642
1.82780490969
1.82863516736
1.82942299
1.83027293612
1.83112367364
1.83193103728
1.83275048231
1.83284414279
1.83357235937
1.83436172362
1.83517515646
1.83603366423
1.83685500542
1.83765118227
1.83845670692
1.8391922008
1.83929014913
1.83996725595
1.84077297424
1.84156132538
1.84235600173
1.84246735621
1.84313494689
1.84391270407
1.84465322641
1.84539216677
1.84610596483
1.84619922611
1.84693596708
1.84776175191
1.84856887898
1.84932981392
1.85007344335
1.85026845494
1.850526551
1.85131403862
1.85212177374
1.85223134402
1.8529405383
1.85375028076
1.85383992684
1.85456303568
1.85535310401
1.85616373754
1.85625442805
1.85700735716
1.85710047893
1.85782800643
1.85793723521
1.85865380094
1.85945197132
1.86028296143
1.86104015458
1.86183505332
1.86265111813
1.86275824542
1.86347803258
1.8635787003
1.86432041591
1.8644350687
1.86517718606
1.86528250283
1.86598046048
1.8667334167
1.86682232215
1.86755464872
1.86764726213
1.86834719803
1.86845247828
1.86915035727
1.86925022214
1.86992675015
1.87001978069
1.87072439889
1.8708257216
1.87152958873
1.87156605262
1.87229443704
1.87237152571
1.87307761891
1.87316939641
1.87387082172
1.87397765307
1.87470001012
1.87550783072
1.87626430344
1.87708328888
1.87762299149
1.87813864846
1.87900237105
1.87982054112
1.87992230292
1.88064579948
1.88137041162
1.88143663019
1.88223324446
1.88230886338
1.88308472111
1.88393759544
1.8847804377
1.8855761849
1.88632488396
1.88639196554
1.88711950706
1.887186572
1.88796507532
1.8888365116
1.88973647712
1.88981292455
1.89062130885
1.89147311058
1.89235066077
1.8932067442
1.89400519046
1.89478635565
1.89559268908
1.89641194004
1.89726156728
1.89806391946
1.89874515074
1.89945619906
1.90018213121
1.90079390198
1.90154579976
1.90229313802
1.90306772504
1.90382986367
1.90453328679
1.9052859062
1.90538487358
1.90615522978
1.90703805346
1.90794050348
1.90804650977
1.90883827004
1.90967227281
1.90978187109
1.91047200314
1.91127632468
1.91211932114
1.91222469616
1.9129918699
1.91383704863
1.91461069297
1.91542463968
1.916215671
1.91694898274
1.91786419172
1.9186711352
1.91876694843
1.9195605196
1.92041697161
1.92051072699
1.92121675186
1.92209914334
1.92300729104
1.92386714936
1.92479636524
1.92562508031
1.92651407866
1.92743301341
1.92754435611
1.92827671974
1.92906305682
1.92979259079
1.92986129816
1.93055916047
1.93063466484
1.9314145569
1.93219690487
1.93231327803
1.93307618781
1.93398007847
1.93477357234
1.93553284021
1.93562039424
1.93626870259
1.93707912925
1.93785946045
1.93865725457
1.93943861302
1.93954026703
1.94031147818
1.94104730058
1.94176175439
1.94256646199
1.94320032716
1.94410644509
1.94494663688
1.94576727131
1.94586606705
1.94660797012
1.94746802905
1.94831996357
1.94921058148
1.95006277092
1.95016688712
1.95099296577
1.95109873374
1.95180628421
1.95259619184
1.95269772438
1.95345837158
1.9542750354
1.95514692348
1.9559512538
1.95606161175
1.95686705147
1.95769393646
1.95780223098
1.95849821186
1.95859017911
1.95937323686
1.96020587921
1.96099464112
1.96184809398
1.96192346703
1.96260034766
1.96342923548
1.96419649108
1.9642893809
1.96455043469
1.96551750643
1.96618097286
1.96704681402
1.96798629786
1.96880648955
1.96960956925
1.97037752931
1.97046559869
1.97122064097
1.97207861211
1.97218969791
1.97288550141
1.97379098134
1.97468855838
1.9747929156
1.97553349816
1.97644666135
1.97655872938
1.97733326042
1.97821061806
1.97913820299
1.97928877367
1.98010917476
1.98102294606
1.9811385554
1.98194765901
1.98205191635
1.98286313298
1.98382469197
1.9839535128
1.98477207707
1.98572728139
1.98666370393
1.9875832036
1.98844130976
1.98856201199
1.98937442495
1.99029436471
1.99117559367
1.99200728396
1.99291522427
1.99303631781
1.99380402575
1.99467667266
1.99561085255
1.99654067192
1.99738742844
1.99822195309
1.998316431
1.99904440608
1.99915064936
1.99993307209
2.00085510259
2.00168630185
2.00254583464
2.00347275812
2.00358008356
2.0043551519
2.00519701437
2.00564542823
2.00621425867
2.00715035884
2.00727969778
2.00808935921
2.00902608695
2.00986996142
2.01080126973
2.01165253525
2.01251731319
2.01341927711
2.0135226092
2.01428603645
2.01513424937
2.01524126185
2.01591503664
2.01677127615
2.01687879153
2.01759666488
2.01848431029
2.01939343588
2.02036417954
2.02121651738
2.02202148306
2.0228520703
2.02356472565
2.02405908023
2.02441954797
2.02508601347
2.02586925815
2.02597434169
2.02672849215
2.02758547342
2.02767156452
2.02835922314
2.02906633405
2.02980937046
2.03050048001
2.03101862454
2.03145687313
2.03188186106
2.03278864188
2.03369064443
2.03457038392
2.03539941142
2.03608937841
2.03684596722
2.03754726433
2.03832934071
2.0391737483
2.03999837068
2.04080991408
2.04161988821
2.04231097821
2.04308892823
2.04388124384
2.04473856453
2.04559750686
2.0464331815
2.04725125634
2.0479831004
2.0488098642
2.04953185641
2.05027506164
2.0510039297
2.05155002694
2.05228524132
2.05293539787
2.05363423495
2.05421787445
2.05483277183
2.05549515295
2.05624911695
2.0569508183
2.05767589454
2.05844752316
2.05918484537
2.0599547484
2.06078722053
2.06155242653
2.06234066713
2.06308414738
2.0639348055
2.06479504033
2.06565782755
2.06644913435
2.06726672429
2.06806956522
2.06887392471
2.06970417296
2.07064994859
2.07147539644
2.07231445083
2.07318942306
2.07353487861
2.07434270871
2.07509893915
2.07596013047
2.07680387493
2.07777491545
2.07863976821
2.07949283925
2.08024106411
2.08125341511
2.08218222412
2.08297390647
2.08374869384
2.08466930706
2.08564288234
2.08663937548
2.08748804651
2.08824521286
2.08915701689
2.09006826257
2.09089028897
2.09173877103
2.09265362964
2.09353768866
2.09437972805
2.09519781648
2.09594922686
2.09679458779
2.09760999727
2.09845180279
2.09933650747
2.10022960883
2.10107409858
2.10194344826
2.10276264754
2.10358144901
2.10450194742
2.10537665396
2.10633131556
2.10729901366
2.10813199203
2.10892049901
2.10954583799
2.11000529142
2.11045852261
2.11070590695
2.11131832715
2.11168293438
2.11216494778
2.11278936546
2.11336975493
2.11393787483
2.1144464619
2.11537876159
2.11636549118
2.11733649152
2.11823914516
2.11910749176
2.12006010645
2.12099793791
2.12189884487
2.12286177976
2.12377161732
2.12475270233
2.12568589368
2.12654000586
2.12744750235
2.1283734709
2.12931835631
2.13017482933
2.13106083809
2.13197402162
2.13284076246
2.13376784408
2.13468266215
2.13553897344
2.13642458525
2.1372651651
2.13820535775
2.13830970141
2.13911032093
2.1398446791
2.14074094235
2.14169513429
2.1426569751
2.1432347202
2.14413723826
2.14498106865
2.14594384867
2.14678960415
2.14689782595
2.14764359344
2.14848920473
2.14928825251
2.14939033872
2.14977666357
2.15024678921
2.15108045217
2.15119591148
2.1519074602
2.15254823855
2.15319407574
2.15328468441
2.15396332693
2.15405035153
2.15451624009
2.15477784976
2.15539046705
2.15629250136
2.15640080049
2.15719767574
2.15807035649
2.15895122075
2.15906152154
2.15992525537
2.16084419496
2.161748816
2.16264111104
2.16358368097
2.16369210876
2.16447160362
2.16541362053
2.16553945357
2.16634881514
2.16732414929
2.16742141021
2.16815544742
2.16903435379
2.16996946741
2.17079828682
2.17168229822
2.17172397002
2.17240886412
2.17335693801
2.17424956872
2.17517620494
2.17529419868
2.17607700073
2.17700012141
2.17792522797
2.17804627768
2.17888537591
2.17980769873
2.17993153413
2.1808030469
2.1809263485
2.18172201881
2.18265308753
2.18358563
2.18451567613
2.18544626379
2.18557082839
2.18639500989
2.18736749409
2.18833683687
2.18925690974
2.18938263526
2.19013651643
2.19100868339
2.19111690935
2.19193587533
2.19286843054
2.19297061362
2.19375702306
2.19472423438
2.19562560766
2.19653330403
2.19741386819
2.19829660208
2.19840479162
2.19924692706
2.20011689058
2.20103205486
2.20191941221
2.20285294746
2.20372425212
2.20447733411
2.20514957094
2.20604974035
2.20615580046
2.20695337134
2.20788946018
2.20883219299
2.20974202958
2.21062097349
2.2114752765
2.21223435422
2.21294664085
2.21370990311
2.21379501125
2.21440153954
2.21509037021
2.21543534668
2.21602679055
2.21626870904
2.21656682826
2.21668044094
2.21679745942
2.21760754635
2.21771721865
2.21856300843
2.21950356477
2.21962692547
2.22042986875
2.22140725125
2.22241962664
2.22328839658
2.22339234528
2.22419515582
2.22513751776
2.22565683894
2.22598511112
2.22620339146
2.22675027444
2.22730810205
2.22786344307
2.22793742013
2.22840718716
2.22846874092
2.2289456318
2.22949032501
2.22955821903
2.2300531809
2.23062259407
2.23120018144
2.23177155356
2.23184034012
2.2323478315
2.232905904
2.23297549076
2.23347654291
2.23354538169
2.23403246589
2.23459861072
2.23466177657
2.23515901772
2.23574172044
2.23631918517
2.23638283777
2.23687780748
2.23741463069
2.23798919734
2.23854878459
2.23861898902
2.23941291202
2.24031651012
2.24041192215
2.24107133465
2.24187799867
2.24197841228
2.24272940567
2.24353807221
2.24364251427
2.24436932498
2.24447261317
2.24503592816
2.24571548188
2.24652489464
2.24727264335
2.24735394787
2.24795770875
2.24857298447
2.24922608528
2.24988982104
2.24994550397
2.25059785666
2.2513140222
2.25208694588
2.25215368464
2.25277285192
2.25282363443
2.25347912009
2.25423134969
2.25429286263
2.25474926139
2.25555101112
2.25636344866
2.2564280002
2.25716110878
2.25793954186
2.25800670875
2.25871918772
2.25952111401
2.26031140043
2.26112507509
2.26191361497
2.26271754632
2.26353413163
2.26360228674
2.26431535921
2.26438097888
2.26511719939
2.26518308047
2.26589329998
2.2659541576
2.26656140408
2.26738976483
2.2681860357
2.26825149732
2.26887267891
2.26964613269
2.2697054485
2.27032328905
2.27099830954
2.2716811527
2.2723620947
2.2724209527
2.27305263348
2.27372849512
2.27378066479
2.27440473702
2.27506842734
2.2757290778
2.27639475544
2.2764467026
2.27704810149
2.27771927318
2.27781432269
2.27831284136
2.27836587856
2.27895210048
2.27961897915
2.27967412584
2.28033727101
2.28105887828
2.28175833967
2.28248769892
2.28254719685
2.28334194353
2.28409414263
2.28488039964
2.28569849016
2.28653933234
2.28660829554
2.28757783952
2.28765618451
2.2885421622
2.28947550887
2.2895485193
2.29015274345
2.29109617576
2.29120411017
2.29173653215
2.29270502061
2.29283273118
2.29370320581
2.2938177146
2.29463621699
2.29474426027
2.29562067433
2.29661736759
2.29747282651
2.29841264415
2.29930647884
2.30025850236
2.30129030649
2.30223890166
2.30317327845
2.30414088929
2.30513813383
2.30525326231
2.30581110637
2.30646826669
2.30718005059
2.30785862344
2.3085709694
2.3092772251
2.30998480981
2.31071277334
2.31140835718
2.31207726958
2.3127259663
2.31340875534
2.31348423075
2.31408250067
2.31478356023
2.3154913103
2.31623562136
2.31693168418
2.31701056214
2.31760225415
2.31828179293
2.31836148803
2.31862804454
2.31872090571
2.31934211474
2.32006710943
2.32077541067
2.32165164188
2.32250710644
2.32261619444
2.32333853922
2.32345669153
2.32422132097
2.3251036878
2.32520316307
2.32568363848
2.32660241085
2.3267051461
2.32752296876
2.32835557259
2.32916941591
2.33002384051
2.33075761596
2.33158635783
2.33243211498
2.3333257286
2.33343291891
2.33418602553
2.33428104731
2.33503988375
2.33513350401
2.33589922458
2.33676627614
2.33761427966
2.33773854154
2.33850757694
2.3393857044
2.33949727986
2.34010689749
2.34081042532
2.34161938398
2.34230779165
2.34238191072
2.34280834717
2.34288740903
2.34353731521
2.34423472047
2.34433258926
2.34495693508
2.34539751937
2.34594945175
2.34669054287
2.34740449237
2.34748373854
2.34808702673
2.34884176295
2.34956786888
2.35027655695
2.35097349548
2.3516747453
2.35238383312
2.35246551282
2.35309673267
2.35376336356
2.35447438591
2.35515032679
2.35524750235
2.35586316267
2.35595556265
2.35658590836
2.35726325814
2.35800083903
2.35868624516
2.35941549734
2.35950333653
2.36010022145
2.36076105921
2.36083969618
2.36148373099
2.36218776308
2.36289391927
2.36362418904
2.36433908703
2.36441694067
2.36504364515
2.36574651698
2.36644513077
2.36719134015
2.36728552955
2.36791654382
2.36866038472
2.36875991186
2.36880393966
2.36948812363
2.36957861792
2.3701898891
2.37099582492
2.37105488017
2.3717647001
2.37252263482
2.37320267476
2.37387086049
2.37392507982
2.37450673918
2.37520238624
2.37589687851
2.37661794866
2.37667812275
2.37739365652
2.37821511119
2.37827829138
2.37901150535
2.37983072964
2.38060216326
2.38066545416
2.38143665578
2.38227663989
2.38309205809
2.38390025812
2.38395939206
2.38471338493
2.38549708302
2.38633321143
2.38718046335
2.38799235641
2.38883961334
2.38960419887
2.38965744187
2.38996527769
2.3907949519
2.39159699411
2.39249795481
2.39337609576
2.39427675715
2.3943602615
2.395126069
2.39598364597
2.39682467215
2.39689664987
2.39764147231
2.39843888686
2.39849787776
2.39856324187
2.39920461621
2.39926882645
2.39988771981
2.40057735157
2.40063227585
2.40129586959
2.40198144695
2.40267734004
2.40350195417
2.40359885257
2.40393731436
2.4040526763
2.40413918098
2.40489666552
2.40499407103
2.40570018713
2.40647703605
2.40656453529
2.40725496449
2.4080327259
2.40879094351
2.40951903096
2.40961860087
2.41028567882
2.41110117682
2.41119364688
2.41187981765
2.41263726018
2.41345033018
2.41426600017
2.41508713455
2.41517693467
2.41587190863
2.41596275667
2.4166521248
2.41746402252
2.41756862834
2.41823531893
2.41901930151
2.41978797425
2.42054908808
2.42136323081
2.42220982134
2.42303256811
2.42381786705
2.42462174812
2.425417544
2.42551898916
2.42624206187
2.42706710992
2.42782384158
2.4279223791
2.42860404503
2.42946430147
2.42966183154
2.42994682149
2.43002612154
2.43070659738
2.43148169748
2.43220825751
2.43228898238
2.4329162279
2.43299883718
2.43361868335
2.43432832045
2.43507455386
2.43582880223
2.436535125
2.43724780455
2.43798020798
2.43874077829
2.43889953008
2.43954133923
2.43963201692
2.44027335329
2.44098816983
2.44108424253
2.44172016156
2.44241832381
2.44316798242
2.44389457252
2.44398106461
2.4446042331
2.44528231442
2.44537297253
2.44600770953
2.44673967696
2.44746132944
2.44754908321
2.44819529877
2.4489260052
2.44965323355
2.45030023197
2.45102918315
2.45176166916
2.45184313992
2.45247788482
2.4525697991
2.45318404467
2.45390915562
2.45464874133
2.45473348252
2.45490574315
2.45568357932
2.45649834769
2.45730916047
2.45814105014
2.45899152492
2.45978622607
2.46062280699
2.46142630657
2.4622153649
2.46302927068
2.46381805016
2.46463368836
2.46544506313
2.46628038208
2.46714097836
2.46798696428
2.4688270709
2.46912953752
2.4698163761
2.47052859978
2.47130114689
2.47205821426
2.47284084656
2.47291322969
2.47325064336
2.47331054869
2.4736606802
2.47440381099
2.47491667155
2.4750329895
2.4754250728
2.47621902538
2.47700663876
2.47769342489
2.47850363161
2.47933353846
2.48015686254
2.48101932766
2.48189422811
2.48272995053
2.48358627866
2.48446364404
2.48483898414
2.48517810858
2.48556829273
2.4860300297
2.48641322934
2.48728278709
2.48820646622
2.48916712581
2.49003197241
2.49090250344
2.49176450188
2.49266697983
2.49354894927
2.49438802273
2.49525807052
2.49612575367
2.49706614472
2.49795838335
2.49893123108
2.49980014734
2.50065152451
2.50131161633
2.50168224009
2.50259123403
2.50340940431
2.50427451846
2.50518497949
2.50606976506
2.50697734708
2.50789144882
2.50879485046
2.50968635857
2.51058580289
2.51147322043
2.51237375539
2.5132920301
2.51420404468
2.51511308778
2.51604347128
2.51694943137
2.51784080333
2.51874468967
2.5195990943
2.52051240607
2.52137401088
2.52233333317
2.52323623993
2.52418779768
2.52510929318
2.52602389547
2.52694020279
2.52785348045
2.5287532005
2.52968285035
2.53057542273
2.53145584008
2.53235693448
2.53327806584
2.53416220541
2.53427573129
2.5347088387
2.53503380096
2.53583127236
2.53668493459
2.53753763765
2.5383818885
2.53920386405
2.5400259494
2.54087960926
2.54174921974
2.54261686468
2.54348231644
2.54427338499
2.54510456431
2.54591667341
2.54667646391
2.54749303679
2.5482661318
2.54908802991
2.54996421688
2.55085081728
2.55173383234
2.55180365299
2.55225050236
2.55307136821
2.55393642802
2.55475800824
2.55563447094
2.55646748485
2.55726186665
2.55808084382
2.55878007661
2.55948409059
2.56023939456
2.56105399976
2.56188568832
2.56273937899
2.56360691532
2.5644621892
2.56533856004
2.56619608686
2.56708144385
2.5679387442
2.56873925692
2.56958022508
2.57044945388
2.57126627906
2.57214603614
2.57293995936
2.57376418624
2.57459347195
2.57527227123
2.57607676928
2.57684865204
2.57762606621
2.57843933663
2.5792424692
2.58005360908
2.58085631087
2.58164889067
2.5824360732
2.58324542675
2.58407205998
2.58490814179
2.58573899201
2.5865675819
2.58738486763
2.58821807675
2.58903777961
2.58982004115
2.59063173239
2.59145095321
2.59232805516
2.59318730915
2.59405919754
2.59495049436
2.59577474681
2.5965958122
2.59744122225
2.59825978892
