0.95
0.950159018173
0.950284198392
0.950583089527
0.950897453027
0.951210947814
0.951522736966
0.951827942095
0.952134273035
0.952447862163
0.952766667092
0.953084176114
0.953401998889
0.953698311129
0.954005079988
0.9543064131
0.95459465523
0.954897733439
0.955190317488
0.955493761806
0.955813243253
0.956136787353
0.956459480298
0.956485681284
0.956654817681
0.956959170102
0.957276631671
0.957582577364
0.957903212346
0.958212607996
0.958511572567
0.958817240387
0.959076530377
0.959338242657
0.959625714854
0.959929283482
0.960236615728
0.960550539974
0.960867600162
0.96118197698
0.961501382904
0.961816333554
0.962138367928
0.962453182405
0.962751988561
0.963061579219
0.963378199648
0.963681560583
0.964001420614
0.964298720764
0.964603412799
0.964909920309
0.965165172858
0.965464657696
0.965755053287
0.966048397809
0.966347929982
0.966647407245
0.966950383209
0.96725212241
0.967550725067
0.967848156758
0.968150479147
0.968458450767
0.968767877586
0.969076904325
0.969383700207
0.969688385421
0.969996592789
0.970301228579
0.970595077903
0.970897704302
0.971201961315
0.971521910594
0.971836665339
0.972155786251
0.972478989724
0.972785101876
0.973089837479
0.97340158561
0.973705937219
0.973741918739
0.974003589606
0.974319632382
0.974627962853
0.974851923865
0.974887608522
0.975145951049
0.975457268326
0.975499029065
0.975769200258
0.976058880452
0.976356995971
0.976665521673
0.976972078446
0.977294472706
0.977605039886
0.977908565854
0.97820627581
0.978500422625
0.97879810125
0.979099107564
0.979392540778
0.979716483124
0.980017600114
0.980309656491
0.980607352729
0.980661777995
0.980737813451
0.981046062141
0.981332468244
0.981368569191
0.981633069003
0.981943491487
0.982283070217
0.982623246876
0.982924606301
0.983231106435
0.983519152063
0.983806893979
0.984105126649
0.984140676638
0.984403471333
0.984697603389
0.985010164189
0.985327705721
0.985363520773
0.985628456715
0.985935981557
0.985976194222
0.986237908037
0.986545918284
0.986584171484
0.986852154128
0.987158990788
0.987475901797
0.987511027596
0.987773973649
0.988075678613
0.988112642414
0.988374626527
0.988411537288
0.988670046261
0.98896664892
0.989269069522
0.989579500267
0.989886768555
0.990192007251
0.990479558741
0.990772212561
0.991067447576
0.991105293251
0.991364963951
0.991661092826
0.99190497162
0.992021724634
0.992307375407
0.992343421895
0.992604497499
0.992899786593
0.993204608175
0.993512854929
0.993832175664
0.99414094217
0.994437077333
0.99475008237
0.995063874731
0.99536570333
0.995669369882
0.995704649158
0.995973874543
0.996270625281
0.996568178905
0.996883528399
0.99718842
0.997487424394
0.997786894029
0.998068025161
0.998104499378
0.998361555662
0.998662572543
0.998959353698
0.999257999766
0.99929882957
0.99955193237
0.99984576733
1.00012973591
1.00041274738
1.00068895807
1.00072475298
1.00100992644
1.00133477685
1.00163535357
1.00192561722
1.00220543496
1.00227988189
1.00237840465
1.00267430334
1.00297529304
1.00301567399
1.00328027916
1.00358324259
1.00361735777
1.00388597209
1.00418347107
1.00448610196
1.00452058956
1.00479741285
1.00483247716
1.00510293042
1.00514272039
1.00541095374
1.00571082969
1.00602021424
1.00630913912
1.00660827548
1.00691283339
1.006952545
1.00721877316
1.00725643217
1.0075302167
1.00757145758
1.00784536557
1.00788445786
1.00814512061
1.00843355871
1.00846789281
1.00873935838
1.00877429386
1.00903767771
1.00907651953
1.00933845527
1.00937542175
1.00963016553
1.00966537625
1.00992874503
1.00996602055
1.01023070223
1.01024651624
1.01053058488
1.01055950512
1.01082514949
1.01086040205
1.01112474042
1.01116370874
1.01143140747
1.01173421002
1.01202343194
1.01232852656
1.01254222215
1.01274188518
1.01305877439
1.01336318677
1.01340072277
1.01366887128
1.01394326099
1.01396828704
1.01426053954
1.01428805413
1.0145741207
1.01488828086
1.01519901773
1.0154912802
1.01577525419
1.01580045054
1.016073371
1.01609844301
1.01638591835
1.01670561643
1.01703256872
1.01706033918
1.01735428765
1.01766971495
1.01799007686
1.01830570551
1.01860525104
1.0189014174
1.01920279368
1.01950793184
1.01982061124
1.02012244768
1.02038769874
1.02066633972
1.02094813275
1.02120067714
1.02148803471
1.0217747123
1.02206835858
1.02234826444
1.02261070455
1.02289253491
1.0229297769
1.02321213438
1.02353174869
1.02386043124
1.02389888754
1.02418790787
1.02449818875
1.02453850705
1.02479953099
1.02510230756
1.02541362054
1.02545249667
1.0257331411
1.02604679908
1.02634112315
1.02664528762
1.02693217149
1.0271983898
1.02753241761
1.02783690074
1.02787266254
1.02816286505
1.02847907535
1.02851521978
1.0287808784
1.02910558651
1.02943837032
1.02975696063
1.03009293065
1.03040113619
1.03072463002
1.03105883518
1.03109918261
1.03137170404
1.03166975637
1.03194969956
1.03197929859
1.03224303248
1.03227388965
1.0325589275
1.03285597959
1.03289863555
1.03318026133
1.03351060721
1.03380969385
1.0341001637
1.03413343902
1.03437202668
1.03467420937
1.03497042974
1.03527059943
1.03556803172
1.03560570171
1.03588791401
1.03617073889
1.03644941921
1.03675095658
1.036994899
1.03732592994
1.03763608606
1.0379416385
1.03797853345
1.03825406797
1.0385711121
1.03888664725
1.0392118214
1.03952735423
1.03956540677
1.03986465555
1.03990367588
1.04016511506
1.04046532602
1.0405033919
1.04078354733
1.04109049763
1.04140846244
1.0417111861
1.04175152731
1.0420450768
1.04235410719
1.04239448317
1.0426546611
1.04268687737
1.04296130002
1.04326424906
1.04355430128
1.04386915861
1.04389569135
1.04415301382
1.04446096155
1.04475310128
1.04478818736
1.04488538037
1.04523394591
1.04547789924
1.04578739709
1.04612776768
1.04643264847
1.04672887311
1.0470159845
1.047050051
1.04732819713
1.04764515615
1.04768537468
1.0479457595
1.04827643146
1.04860330992
1.04864156374
1.04891513718
1.04924619904
1.04928694669
1.04956971975
1.04989105187
1.05022539103
1.05028187735
1.05058573693
1.05091609455
1.05095739781
1.05125037657
1.05128889254
1.05158263121
1.05192728807
1.05197304995
1.05226718628
1.05261073522
1.0529485641
1.05328077998
1.05359636392
1.05364004221
1.05393471844
1.05426836161
1.05459118986
1.05490083953
1.05523047242
1.05527431502
1.05555621188
1.05587695278
1.05621461656
1.05655082928
1.05685754305
1.05716826075
1.05720376758
1.0574754737
1.05751426841
1.0578002992
1.05813441079
1.05843121052
1.05874418491
1.05907883309
1.05911739691
1.05939807108
1.05970886887
1.0598731783
1.06007977792
1.06041932357
1.0604655255
1.0607569923
1.06109712315
1.06139798579
1.06173403003
1.06204768754
1.06236625088
1.06269446609
1.06273295564
1.06301380597
1.06332374506
1.06336038516
1.06361714776
1.06393353078
1.06397299124
1.06424121373
1.06456508827
1.06489505614
1.06524472506
1.06555830247
1.06585974015
1.06616829613
1.06644502121
1.06666207842
1.06685568349
1.06712322573
1.0674177253
1.06745678946
1.06773526373
1.06805206247
1.06808341225
1.06834426939
1.06861024976
1.06888860013
1.06915513219
1.06938671468
1.06959948371
1.06980968993
1.0701384489
1.07046899913
1.07079365651
1.07110354962
1.07137395561
1.07166645754
1.07194174178
1.07223434521
1.07254439895
1.07284984942
1.07315427914
1.07345029831
1.07370622641
1.07400263638
1.07430083421
1.07461631251
1.07493028989
1.07524078635
1.07554702713
1.07583045868
1.07613818281
1.0764201944
1.07670685489
1.07698935479
1.07722697968
1.07750239278
1.07776354079
1.07803772409
1.07828275557
1.07852199081
1.07877740357
1.07906419585
1.07931277256
1.07958162911
1.07986356599
1.08014057224
1.08042718243
1.08073966741
1.08103365579
1.08132937926
1.08160660758
1.08192311476
1.08224159833
1.08255697702
1.08285375997
1.08315779704
1.0834589992
1.08376077811
1.08407060581
1.08441399309
1.08472055201
1.08503048034
1.08534908577
1.08547808785
1.08577560732
1.08605677453
1.08637572256
1.08668338216
1.08703526554
1.08735642907
1.0876740309
1.08793615136
1.08830210164
1.08863953243
1.08892956759
1.0892276211
1.08956836138
1.08992239459
1.09028241123
1.09060123515
1.09086900476
1.09120342134
1.09154116931
1.09184849259
1.09216481651
1.09250142783
1.09282703192
1.09313028599
1.09343459695
1.09369431409
1.09400499015
1.09430171719
1.09460721045
1.09493170338
1.09526187661
1.09557485904
1.09589291461
1.09618710427
1.09648334715
1.09681846913
1.09714191401
1.09748859665
1.09784212426
1.09815377844
1.09845127322
1.0987102064
1.09891183003
1.09911238481
1.09924547592
1.09946310186
1.0996229784
1.09979540273
1.10000254576
1.10020045287
1.10038817273
1.10057149943
1.10090779832
1.10126445941
1.10161062399
1.10194131792
1.10226095046
1.10260510302
1.10294437379
1.1032721454
1.10361907341
1.103951706
1.10430270952
1.10464174943
1.10495816449
1.10529020319
1.1056264961
1.1059683889
1.1062835188
1.10660763281
1.10693926797
1.10725719286
1.10759145698
1.10792499051
1.10824102085
1.10856527504
1.10887338436
1.10921312624
1.10925149197
1.10953861168
1.10980071325
1.11012244699
1.11046652825
1.1108119773
1.11103281545
1.11136222537
1.11166409066
1.11200745042
1.11231844391
1.11235782348
1.11263213267
1.11294613595
1.11324412104
1.11328235046
1.11342628611
1.11360069424
1.11390875328
1.1139503506
1.11421026511
1.11442634658
1.11466522086
1.11470026534
1.11495625173
1.11499035727
1.11519461027
1.11531555246
1.1155391869
1.11586722013
1.11590675084
1.11619810185
1.11651273276
1.11683628676
1.11687641171
1.11718599158
1.1175192592
1.11784845435
1.11817431401
1.11851376582
1.11855311076
1.11883893548
1.11917937233
1.11922410812
1.11951751958
1.11986655902
1.11990280254
1.12017367885
1.12049438317
1.12083108461
1.12113787149
1.12145801551
1.12147365817
1.12172155965
1.12206076778
1.12238437016
1.12272059818
1.12276287358
1.12304721987
1.12338101276
1.12371714199
1.12376076997
1.12406350199
1.12440461832
1.12445001076
1.12476541458
1.12480945617
1.12510233059
1.12544032597
1.12578086936
1.12611763155
1.12645751063
1.12650207847
1.12680439566
1.12715720229
1.1275080843
1.12784438004
1.12788971097
1.12816794598
1.1284905062
1.12852981442
1.12882847348
1.12916895938
1.12920779562
1.12949653348
1.12984567049
1.13017466076
1.13050435958
1.13082592024
1.13115358656
1.13119345575
1.1314959881
1.1318154394
1.13215037519
1.13247648299
1.13281454028
1.13313622443
1.13341836343
1.13366240175
1.1339919446
1.13403018292
1.13432252065
1.1346589817
1.13499912697
1.13533072044
1.13564689236
1.13595635769
1.13624497583
1.13651797726
1.13680633435
1.13683920894
1.13707596294
1.13734488106
1.13750633224
1.13773843908
1.13785440983
1.13798495759
1.13802587791
1.13806779593
1.13836187805
1.13840175497
1.13870601305
1.13904104509
1.1390843443
1.13937570093
1.13973069386
1.14010008611
1.14040912016
1.14044673715
1.14073619316
1.14107505524
1.14126226794
1.14139235835
1.14148770075
1.141725437
1.14196858471
1.14220746937
1.14223818154
1.14244352997
1.14247071847
1.14267825078
1.1429139487
1.14294354712
1.14315581269
1.14339822187
1.14364284882
1.1438844236
1.14391330632
1.14412861969
1.14436887131
1.14439876528
1.14461147771
1.1446410999
1.14484925252
1.14509179908
1.14511978265
1.14532851732
1.14557331521
1.14581678352
1.14584487667
1.14605768294
1.14628613059
1.14652607135
1.14675786129
1.14678804588
1.14707566891
1.14740314731
1.14743866617
1.14767117699
1.14795267855
1.14798832617
1.14826448636
1.14856419973
1.14860216931
1.14887063594
1.14890809113
1.14909369479
1.14933869953
1.14964023866
1.14991018445
1.14993659979
1.15013227973
1.15033744561
1.15055201501
1.15077753016
1.15079657769
1.15103088683
1.15128728722
1.15155858006
1.15158126338
1.15178547744
1.15180215615
1.15202890407
1.15228536755
1.15230641271
1.15247118215
1.15275784509
1.15304678517
1.15306957504
1.15333119351
1.15361224038
1.15363634236
1.153893811
1.1541815944
1.15446587281
1.15475693833
1.15504125452
1.15532868234
1.15561910956
1.15564323276
1.1558990613
1.15592264127
1.15618655022
1.15621038161
1.15645924431
1.15648014358
1.15667894643
1.15697870087
1.15726025101
1.15728368397
1.15748516555
1.15776145045
1.15778276628
1.1579845431
1.15820480472
1.15842736089
1.15864888561
1.15866790605
1.15887287649
1.15909408282
1.15911124397
1.15931407875
1.15953093782
1.15974714775
1.15996418826
1.15998152481
1.16017959229
1.16039891783
1.16043066367
1.16059477097
1.16061246424
1.16080594075
1.16102395565
1.16104189796
1.1612679281
1.16151315071
1.1617530426
1.16200006073
1.16202033421
1.16231101561
1.16257508289
1.16286531732
1.16316895112
1.16347332177
1.16349825812
1.16387253376
1.1639020549
1.1642420415
1.16460196216
1.16463047644
1.16486490446
1.16522772154
1.16526972556
1.16547363195
1.1658444299
1.16589228038
1.16622692194
1.16627031524
1.16658199661
1.16662352634
1.16695518501
1.1673308329
1.16765687802
1.16801782587
1.1683655481
1.16872727826
1.16911208837
1.16947533348
1.16983685428
1.17020600995
1.17058416936
1.17062797627
1.17081287984
1.17102940596
1.17125931889
1.17148056124
1.17171012991
1.17193842868
1.17216678703
1.17240121776
1.17262723049
1.17284664641
1.17305946102
1.17328064694
1.17330556821
1.17349988358
1.1737265419
1.17395626521
1.17419389921
1.17442009519
1.17444596122
1.17463956755
1.17486161125
1.17488936283
1.17497738879
1.17500701208
1.17520632151
1.17543941806
1.17567926362
1.17598949755
1.17629221504
1.1763306988
1.17658865283
1.17662975155
1.17689785908
1.17720668488
1.17724196229
1.17741321275
1.17774178272
1.17777777901
1.17806042549
1.17835468101
1.17864399411
1.17894192885
1.17920218863
1.17949690716
1.17979506083
1.18010707916
1.18014439805
1.18040933577
1.18044331175
1.18070937934
1.18074291546
1.18101129094
1.18131486365
1.18161357805
1.18165599187
1.18192506697
1.18223158803
1.18227031194
1.18246321216
1.18269023564
1.18296325954
1.18318698033
1.18321142349
1.18335140214
1.18337717371
1.18358754501
1.18381517737
1.18384640621
1.18404916242
1.18419314457
1.18437509435
1.18461390047
1.18484614744
1.18487236771
1.18506924434
1.18532800462
1.18556316568
1.18579266207
1.18601936055
1.18624699719
1.18647700872
1.18650359733
1.18670742267
1.18692636739
1.18715655116
1.18737718575
1.18740818749
1.1876055096
1.18763488043
1.18783910346
1.18806171738
1.18829905765
1.18852348156
1.18875801594
1.18878650879
1.18898298748
1.18920226024
1.1892281163
1.18943491816
1.18966252176
1.18988980321
1.19012356278
1.19035377532
1.19037946294
1.19058289782
1.19081264707
1.19104113397
1.19127913292
1.19130890401
1.191512683
1.19175041904
1.19178234911
1.19179784664
1.19204005499
1.19207247554
1.1922876029
1.19257143557
1.19259262173
1.19283382868
1.19308813956
1.1933135291
1.19353071913
1.19354842322
1.19374209186
1.19396827463
1.19419434197
1.19442645611
1.19444608677
1.19470027634
1.19498650573
1.19500889454
1.19526631234
1.19555195854
1.19582511071
1.19584768515
1.1961152104
1.19640634864
1.19669059095
1.19697420348
1.19699518713
1.19725788665
1.19753341831
1.19782348395
1.19811616244
1.19839916627
1.19869204226
1.19896301397
1.19898235437
1.19908980897
1.19938018686
1.19966214794
1.19997135043
1.20027367872
1.20058234368
1.2006104031
1.20087591219
1.20117117981
1.20146249641
1.20148689457
1.20174663203
1.20202559046
1.20204696924
1.20207154931
1.20227950456
1.20230015813
1.20250193847
1.20272588043
1.20274347711
1.20295772392
1.20318131753
1.20340635388
1.20369173135
1.20372599131
1.20384702246
1.20388547636
1.20391715064
1.2041798357
1.20421439892
1.20446065992
1.20473561146
1.20476703093
1.20500989842
1.2052839907
1.20555320627
1.20581315437
1.20584816631
1.20608430177
1.20636939934
1.20640221916
1.20664432979
1.20691450089
1.20720513217
1.20749585167
1.20778920255
1.20782198873
1.20807281227
1.20810591546
1.20835508448
1.20864341101
1.20867941974
1.20891176033
1.20917442698
1.20943352108
1.20969993247
1.20999061007
1.21028962285
1.21057937946
1.21085934935
1.21114427912
1.21142747998
1.21146289121
1.21171970034
1.21201189595
1.21227750678
1.21231306964
1.2125566607
1.21285933174
1.21293089
1.21303840701
1.21306785537
1.21330743329
1.21358020492
1.21384000824
1.21386944404
1.21408054685
1.21410864251
1.21431886201
1.2145592213
1.21480930857
1.21506234553
1.21530299731
1.21554594593
1.21579377821
1.21604877928
1.21610202454
1.21631846975
1.21634896704
1.21656597147
1.21680935316
1.21684177819
1.21705649353
1.21729354398
1.21754346467
1.21779051732
1.21781986188
1.21803335131
1.21826750729
1.21829832131
1.21851321103
1.21875736353
1.21900134289
1.21903119033
1.21924971437
1.21949827943
1.21974402802
1.21996201358
1.22020832513
1.22045580789
1.22048439484
1.220700167
1.22073139101
1.22094185379
1.22118792206
1.22143706875
1.22146636506
1.22152662239
1.22180026819
1.22208376626
1.22236588633
1.22265264562
1.22294444176
1.22322157339
1.22351027908
1.22379057672
1.22406648346
1.22434957697
1.22462540841
1.22490904293
1.22518852577
1.22547858494
1.2257742239
1.22606747332
1.22638502007
1.22652255783
1.22677311074
1.22703027378
1.2273028465
1.22757151458
1.22784433367
1.22786942208
1.22801572144
1.22803926115
1.22816044392
1.22842338132
1.22859659918
1.22863899853
1.22877415876
1.22905226507
1.22932873339
1.22957888866
1.22986133687
1.23015008935
1.23043638359
1.23073151099
1.23102927692
1.23131796333
1.23161285744
1.23191300132
1.23205998618
1.23225444323
1.23244744622
1.23261480952
1.23275577377
1.23306012336
1.23337626616
1.23370182134
1.23400052298
1.23430170504
1.234601471
1.23491024211
1.2352129885
1.23550450766
1.23580500439
1.23610421913
1.23642408289
1.23673128958
1.23706206652
1.23735884957
1.23765108432
1.23788180159
1.2380172594
1.238328097
1.23861133166
1.23890901219
1.23921950334
1.23952518582
1.23983689265
1.24015024736
1.24045943932
1.24076643611
1.24107524947
1.24137986719
1.24168379014
1.24199331447
1.24230127365
1.24260845072
1.2429239906
1.24323259188
1.24353978807
1.24385016686
1.24414636282
1.24445942836
1.24475691213
1.245082237
1.24538959251
1.24571225808
1.24602262943
1.24633430356
1.24664685054
1.24695876959
1.24726576812
1.24758224032
1.24788794162
1.24819098207
1.24849904913
1.24881354186
1.2491176759
1.24915652325
1.24931554142
1.24944072164
1.24973961277
1.25005397627
1.25036747106
1.25067926021
1.25098446534
1.25129079628
1.25160438541
1.25192319034
1.25224069936
1.25255852214
1.25285483438
1.25316160324
1.25346293635
1.25375117848
1.25405425669
1.25434684074
1.25465028506
1.25496976651
1.25529331061
1.25561600355
1.25564220454
1.25581134094
1.25611569336
1.25643315493
1.25673910062
1.2570597356
1.25736913125
1.25766809582
1.25797376364
1.25823305363
1.25849476591
1.25878223811
1.25908580674
1.25939313899
1.25970706324
1.26002412343
1.26033850025
1.26065790617
1.26097285682
1.26129489119
1.26160970567
1.26190851183
1.26221810249
1.26253472292
1.26283808385
1.26315794388
1.26345524403
1.26375993607
1.26406644358
1.26432169613
1.26462118097
1.26491157656
1.26520492108
1.26550445325
1.26580393051
1.26610690647
1.26640864567
1.26670724833
1.26700468002
1.26730700241
1.26761497403
1.26792440085
1.26823342759
1.26854022347
1.26884490868
1.26915311605
1.26945775184
1.26975160116
1.27005422756
1.27035848457
1.27067843385
1.27099318859
1.2713123095
1.27163551297
1.27194162512
1.27224636072
1.27255810885
1.27286246046
