11.0
11.0026144511
11.0046822121
11.0095886415
11.0148279422
11.0200593268
11.0252413066
11.0302885602
11.0353540035
11.0405852276
11.0459232899
11.051241451
11.0565601899
11.0613990456
11.0664514805
11.071398058
11.0760328932
11.0810247027
11.0857673006
11.0907552338
11.0960917692
11.1015526771
11.1069782502
11.1073737345
11.1101812689
11.1151838559
11.1205104216
11.1255643821
11.130960712
11.1360968629
11.1410137464
11.1460659872
11.1503703059
11.1546740973
11.1593132491
11.1643078565
11.1693969733
11.1746207469
11.1799231376
11.1851571548
11.1905089133
11.1957550102
11.201165315
11.2064074313
11.2113029457
11.2164199893
11.221699778
11.2266810994
11.2320353035
11.2368796642
11.2419025401
11.2469520631
11.2510728384
11.2559606884
11.2606562522
11.2654133438
11.2702966097
11.2751878717
11.280192139
11.2851586943
11.2900683303
11.2949333593
11.2999208648
11.3050281947
11.3101750713
11.3153053836
11.3203861129
11.32541031
11.330524549
11.3355400593
11.3403212765
11.3452928009
11.35031636
11.3556661387
11.3609179207
11.3662584966
11.3716860693
11.3767376652
11.3817717974
11.3869484295
11.3919771547
11.3925572611
11.3968421238
11.4021138758
11.4072351305
11.4109278603
11.4115015293
11.4156486935
11.4208366532
11.4215404417
11.4260274966
11.430714153
11.435605259
11.4407017507
11.4457646926
11.4511593558
11.4563060087
11.4612912165
11.4661575017
11.4709207043
11.475785134
11.4807127622
11.485485265
11.4909286768
11.4958755224
11.5006075163
11.5055079057
11.5063477007
11.5075622014
11.5127717109
11.5173940274
11.5179686524
11.5223336743
11.527495687
11.5336399951
11.5398624602
11.5448220746
11.5498816085
11.5545355257
11.5591665936
11.5640570845
11.564626052
11.5689353964
11.5737173997
11.5789231114
11.5842288457
11.5848131384
11.5891684835
11.5942700357
11.5949434999
11.599235143
11.6043330151
11.6049704638
11.6093980159
11.6144912874
11.619788987
11.6203542586
11.6246747177
11.6296406992
11.630243805
11.634544544
11.6351392622
11.6393518082
11.6441918033
11.6491784543
11.6543257387
11.6594182143
11.6644520018
11.6690937154
11.6738408241
11.678659706
11.6792784514
11.6835133287
11.6883290176
11.6922408434
11.6940555143
11.6986624028
11.6992336225
11.7035128021
11.7083293978
11.7133742221
11.7184840359
11.7238575144
11.7289807852
11.7338220579
11.7390268364
11.7442758589
11.7492329293
11.7542358875
11.7547859895
11.7592407823
11.7640786745
11.7688960082
11.7741526167
11.7791911877
11.7840850933
11.7889886661
11.7934518055
11.7940478996
11.7982292411
11.8031834973
11.8080248111
11.8129305001
11.8136131166
11.8177002199
11.8224720669
11.8270311571
11.831544796
11.8359143234
11.8364896491
11.841542356
11.8473275265
11.8522632364
11.856958367
11.8613865001
11.8626097202
11.8642111825
11.8690262442
11.8739739472
11.8746471997
11.8790035035
11.8839915988
11.8845415405
11.8889818584
11.8938618111
11.8988364289
11.8993958594
11.9040206425
11.9045929496
11.9090821846
11.9097545711
11.9142014241
11.9191383923
11.9242804948
11.9289610297
11.9338624349
11.9389055685
11.9395638083
11.9439432981
11.9445613226
11.9491287837
11.9498214444
11.9543918324
11.9550444159
11.9593014659
11.9639553596
11.9645035414
11.9690122401
11.9695816185
11.9739127063
11.9745664858
11.9788555311
11.9794721248
11.9835819497
11.9841494214
11.98846771
11.989080544
11.9934440707
11.9936633553
11.9986927728
11.9991141022
12.0035035571
12.0040747791
12.0084333753
12.0090951668
12.0135164546
12.0185044642
12.0231956745
12.0282286579
12.0315405119
12.0350464794
12.0403576085
12.0453701206
12.0460000988
12.050311313
12.0546116195
12.0550233182
12.0599287409
12.060395214
12.0651573702
12.0703923192
12.0755618243
12.0802400057
12.0847843881
12.0851994615
12.0896631574
12.0900741819
12.0948764828
12.1002396217
12.1057685434
12.1062408726
12.1111602168
12.1164434752
12.1218253078
12.1271005456
12.1320259067
12.1368642771
12.1418287574
12.1468624267
12.1520761466
12.1570468142
12.1611428767
12.16556762
12.1700847897
12.1738610641
12.1785032662
12.1831133799
12.1879059567
12.1925582451
12.1968492776
12.2013207799
12.2019295697
12.2066863306
12.2121191088
12.2176831317
12.2183294025
12.2232421092
12.2284254051
12.229106083
12.2333946479
12.2383911448
12.2435802368
12.2442251327
12.2489418809
12.2541857594
12.2590020852
12.2640184068
12.2685558941
12.2725902321
12.2783208689
12.2833669805
12.2839550913
12.2889044566
12.2942186568
12.29480381
12.2992039908
12.3047061145
12.3104269181
12.3157937326
12.3215266633
12.3266355876
12.3320841666
12.337781549
12.3384745967
12.3430195493
12.3479266965
12.3525010897
12.3529319452
12.3572797782
12.3577519768
12.3625677232
12.367451911
12.3681814366
12.3729511935
12.3785715613
12.3834947192
12.3881994956
12.3887277503
12.3924072902
12.3973870736
12.4022290528
12.4071766889
12.4120551785
12.412690338
12.4174383073
12.421970777
12.4263923628
12.4313666952
12.4357396131
12.4413758443
12.4465342116
12.4515777349
12.4521953528
12.4568136567
12.4621443018
12.4674308959
12.4729350795
12.4782207038
12.4788601734
12.4840004984
12.4846702061
12.4889172019
12.4938889731
12.4945181138
12.4992430251
12.5043450211
12.5096627058
12.5146574321
12.515345548
12.5203674703
12.5255302221
12.5262076502
12.5304540689
12.5309281852
12.5353481934
12.5402670155
12.5449107873
12.5501681941
12.5505332066
12.5547234528
12.5598427034
12.5645836604
12.565157221
12.5667480261
12.5727587481
12.5768257282
12.5821579036
12.5879923156
12.5930340228
12.5978196895
12.6024211325
12.6029532202
12.6076270783
12.6129426371
12.613631916
12.6178758979
12.623520866
12.6290389968
12.6296848558
12.6342391163
12.6398621592
12.6405483096
12.6453126261
12.6507115569
12.6563887599
12.6573379586
12.6623445128
12.6679191141
12.6686260929
12.6736076357
12.6742535407
12.6792539997
12.6851538681
12.6859451989
12.690931663
12.6968064475
12.7025744744
12.7081923065
12.7134779931
12.7142356358
12.7192761073
12.7249468329
12.7304040833
12.7355530761
12.7411465199
12.7419090004
12.7466693836
12.7520654844
12.7578391296
12.7635600231
12.7685759061
12.7737526431
12.7743359346
12.7788666762
12.7795245658
12.7843663582
12.7900635239
12.7947825969
12.7999699992
12.8056446541
12.8062888472
12.8109645252
12.8161395304
12.8188844463
12.8223194581
12.8281580738
12.8289573534
12.833886235
12.8397257467
12.8445517455
12.8502583024
12.8555006558
12.860848416
12.866415979
12.8670541518
12.8717934294
12.8768977088
12.8774666189
12.8816457669
12.8869669222
12.8876247359
12.8920773796
12.8975270137
12.9031088906
12.9091620428
12.9143784511
12.9193487615
12.9244638295
12.9288499496
12.9319153282
12.9341806046
12.9383333303
12.9431330474
12.9437854217
12.9484744047
12.9537878324
12.954262741
12.9585417601
12.9626273852
12.96699507
12.9711163717
12.9743531025
12.9771108552
12.9797822647
12.9853478167
12.9909850251
12.9965216334
13.0016871657
13.0060259602
13.0108027214
13.015161232
13.0198842185
13.025024447
13.0300526288
13.0351045388
13.0398642481
13.0436947666
13.0485480975
13.0534451716
13.0587106444
13.0639359285
13.0691014038
13.0741955568
13.0787331036
13.0838513855
13.0883609413
13.0929975647
13.0975117819
13.1009241687
13.1052192807
13.1092270127
13.1135373619
13.1171421672
13.1205891277
13.1244357
13.1290372396
13.1326567664
13.1367799838
13.1412130743
13.1455512159
13.150132697
13.1553819166
13.1602091247
13.1650167594
13.1693677882
13.1746936586
13.1800759418
13.1853177326
13.1901712689
13.1951729238
13.2001412278
13.2051047225
13.2102843966
13.2162094621
13.2212920184
13.2264270114
13.231755366
13.233883631
13.238698197
13.2431421891
13.2485169492
13.2535763714
13.2597133839
13.2651835659
13.2705423143
13.2744444213
13.2809326038
13.2867255613
13.2913437981
13.2963391625
13.3023152396
13.3085599614
13.31488694
13.3203425562
13.3243727575
13.3301432719
13.3360432411
13.3411624087
13.3464914529
13.3523414109
13.3578704527
13.3627845563
13.3677939148
13.3716206485
13.3767602981
13.3815443629
13.3865184158
13.3920227442
13.3976968245
13.4029392847
13.40825146
13.412940229
13.4176809448
13.4234256424
13.4289150035
13.4349519174
13.4411955364
13.4464331583
13.4512970676
13.4552566855
13.4580961694
13.4608052735
13.4622628161
13.4652212207
13.4674131044
13.4695484267
13.4722922896
13.4748564789
13.4773582492
13.4804607681
13.4861902588
13.4924331014
13.498336256
13.5039757712
13.5093681087
13.515282306
13.5211003689
13.5266370841
13.5326229637
13.5383031469
13.5443450358
13.5501597795
13.555489838
13.5611584905
13.5669211863
13.5727872369
13.5780628102
13.583528148
13.589173247
13.594490753
13.6001676627
13.6058589862
13.6111672758
13.6166394334
13.6217254889
13.6275310322
13.628171301
13.6329698519
13.6369005927
13.642233565
13.6481540631
13.6540674755
13.6576234783
13.663214641
13.6680748886
13.6738969321
13.679065233
13.6797175213
13.6842890761
13.6895435594
13.694464568
13.6950976231
13.697490627
13.7003778001
13.7054854419
13.7061877704
13.7103822938
13.7132875035
13.7167240363
13.7172810996
13.721434954
13.7219693406
13.7248564944
13.7263171935
13.7299247474
13.7354661999
13.7361427246
13.7411212043
13.7463152555
13.7517811779
13.7524711485
13.7578125661
13.7634924405
13.7690659231
13.7745884002
13.7803694347
13.7810380809
13.7858847698
13.7917266234
13.7924947966
13.7975012555
13.8034804969
13.8040805607
13.8085634338
13.8139521732
13.8196644991
13.8247441872
13.8300725272
13.8302894335
13.8345237888
13.8402643035
13.8457007703
13.8514385398
13.8521626028
13.8569400321
13.8626191133
13.8683607317
13.86912382
13.8743319619
13.8803392982
13.8811439428
13.8867145241
13.8874703127
13.892524143
13.8983276469
13.9042147552
13.9099746702
13.9158447194
13.9166234499
13.9219189296
13.9281119095
13.9342138622
13.9400147878
13.940812
13.9454934005
13.9509592423
13.9516274555
13.9567893925
13.9626969709
13.9633523847
13.9682922981
13.9743269294
13.9799267296
13.9855050768
13.9909183483
13.996543329
13.9972357906
14.0024177601
14.0078363976
14.0135850838
14.0191400155
14.0249141413
14.0303712532
14.0350611497
14.0390623906
14.0446690895
14.0453070051
14.0503249241
14.0560402061
14.0618480328
14.0675077649
14.0727137856
14.0777974118
14.082445243
14.0867236547
14.0913550788
14.0918753056
14.09556275
14.0997534331
14.101850815
14.1053360475
14.1067743139
14.1080947054
14.1087714681
14.1094867282
14.1145063248
14.1151894772
14.1204206928
14.1260539195
14.1267708707
14.1317295357
14.1379675628
14.1446596687
14.1499435738
14.1505678959
14.1554447962
14.1612212044
14.1644471813
14.1659528829
14.1672782424
14.1706766668
14.1742286274
14.1776587011
14.178118163
14.1810246991
14.1814038204
14.1843651648
14.1877320667
14.1881538334
14.1912446678
14.194764424
14.1983578313
14.2018585093
14.2022809102
14.2054410582
14.2089217757
14.2093514044
14.2124553661
14.2128782748
14.2158683142
14.2193899346
14.219788243
14.2227879735
14.2263868688
14.229934825
14.230336018
14.2334309998
14.2366285715
14.2400915956
14.2433759283
14.2438126956
14.2486717071
14.2541851453
14.2547663412
14.258248438
14.2625708784
14.2631250955
14.267743114
14.2726270346
14.2732621167
14.2776859713
14.2783071692
14.2807807181
14.2844204915
14.2893623977
14.2934905422
14.2938416956
14.2964971695
14.2991973272
14.3020759107
14.3051630169
14.3054364454
14.3088997293
14.3127057194
14.3168008805
14.3171489544
14.3199203145
14.3201449138
14.323401788
14.3271351334
14.3274334231
14.3300278257
14.3345279474
14.3390528644
14.3394135288
14.3434935438
14.3478825559
14.3482619894
14.3522765587
14.356795993
14.3612537703
14.3658427631
14.3703064784
14.3748089382
14.3793836428
14.3797607343
14.3837238525
14.3840912605
14.3882420703
14.3886086903
14.3923701643
14.3926714373
14.3953447649
14.4001708903
14.4045266436
14.4048899566
14.4076086235
14.4118504847
14.4121802775
14.4149033944
14.4178834718
14.4208975733
14.4238991958
14.4241585319
14.426940368
14.4299317213
14.4301652154
14.432905676
14.4358243493
14.4387244674
14.4416456575
14.4418751084
14.4445366771
14.4474931086
14.447909257
14.4501103161
14.4503463848
14.4529240009
14.4558566961
14.4561003965
14.4593241803
14.4628197107
14.4662061655
14.4697334094
14.4700207878
14.47466866
14.4786040909
14.4832601046
14.4882468432
14.4932033807
14.4935960828
14.5008750389
14.5014457018
14.5079773065
14.5148144931
14.5153396999
14.5197380845
14.5266177934
14.5274116031
14.5313605331
14.5384662124
14.5394104288
14.5459880454
14.5468059551
14.5525880998
14.5533585015
14.5597251818
14.5668926718
14.5731483134
14.5799596638
14.5864535001
14.5932188654
14.6005690528
14.6074670964
14.6143432562
14.6214035761
14.6286693294
14.6295038211
14.6319654323
14.6348807954
14.6380223646
14.6410199048
14.644153745
14.647266924
14.6503868312
14.6536065545
14.6566886865
14.6596481689
14.6624942235
14.6654807098
14.6658122754
14.6684405656
14.6715312493
14.6746726766
14.6779468619
14.6810253848
14.6813740745
14.6839923395
14.6870054705
14.6873580824
14.6885521023
14.6889591158
14.6916740226
14.6948687833
14.6982495999
14.703255733
14.7081006617
14.7087179158
14.7128141136
14.7134822063
14.7177611546
14.7226907871
14.7232511158
14.7259645618
14.731446275
14.732018305
14.7365663207
14.7412118379
14.7457442974
14.7504299445
14.7545629093
14.759221907
14.7639491391
14.768940715
14.7695392475
14.7737493495
14.7742819327
14.7785074563
14.7790302395
14.7833067034
14.7881333815
14.7928563007
14.793542964
14.7978294663
14.8027106861
14.8033252574
14.8058817225
14.8089777085
14.8130193307
14.8160601626
14.8163866361
14.8182996295
14.81864634
14.8215611646
14.8246753071
14.8251100204
14.8278939791
14.8298494896
14.8323346765
14.8356387319
14.8388271213
14.839178923
14.841855672
14.8456474184
14.8488847855
14.852027425
14.8551155731
14.8582264021
14.8613725976
14.8617340628
14.8645300717
14.8674887406
14.8706366997
14.8736237052
14.8740516724
14.8767307346
14.8771329338
14.8799416563
14.8829604739
14.8862373259
14.8892875894
14.8925144607
14.8929030812
14.8955799631
14.8985406167
14.898889234
14.9017338871
14.9048414617
14.9079336734
14.9111427316
14.9142874919
14.9146331439
14.9174256013
14.9205793459
14.9237030588
14.9269765794
14.9273901387
14.9301853874
14.933462437
14.933907327
14.9341058361
14.9378124934
14.9383093718
14.9416116725
14.9459954518
14.9463146128
14.9498477415
14.9535065969
14.9565808645
14.9595035966
14.9597395072
14.9623220678
14.9654006532
14.9684848335
14.9716631218
14.9719377567
14.9758375852
14.9802607705
14.9805985885
14.9845549036
14.9889536184
14.993121428
14.9934643841
14.9976146978
15.0021169983
15.0064972849
15.0108672753
15.0111875602
15.0152367741
15.019443618
15.0239252213
15.0284630772
15.0328024676
15.0373468823
15.0414529353
15.0417382292
15.0434031495
15.0479178335
15.0522690925
15.0571233586
15.0618569248
15.0666933907
15.0671336568
15.0712316717
15.0758138549
15.0803180863
15.0806999287
15.0846857569
15.0889577865
15.0892752152
15.08960054
15.0924357694
15.0927205371
15.0954466724
15.0984840796
15.0987242122
15.1016660054
15.104706393
15.1077612774
15.1121460511
15.1126675319
15.1144297409
15.1149821774
15.115450534
15.1195722344
15.120101483
15.1238760344
15.1280696323
15.1285439008
15.1322536794
15.1364331991
15.1405027991
15.1443852871
15.1449153855
15.148491526
15.1528850911
15.1533819008
15.1570803687
15.1611938073
15.1657707452
15.1703578577
15.1749971951
15.1755064903
15.1794486699
15.1799651491
15.1838707285
15.188392791
15.1889384169
15.192405273
15.1962289492
15.1999834222
15.2042112759
15.2088019063
15.2135401006
15.2180726161
15.2223956091
15.2268345097
15.2312281848
15.2317854886
15.2358341384
15.2404382396
15.2446639091
15.2452206898
15.2489829549
15.253792318
15.254894313
15.2564952009
15.2569280585
15.2605656622
15.2647126514
15.2685800341
15.2690110156
15.271978122
15.2723721706
15.2753301789
15.2787217717
15.2822834244
15.2859061758
15.289311322
15.2927535871
15.2962960888
15.2999571464
15.3007122926
15.3038211603
15.3042568614
15.3073502884
15.310810669
15.311275802
15.3143250776
15.3176419363
15.3212006723
15.3247238178
15.3251430272
15.3281793057
15.3314647836
15.331903723
15.3349600357
15.3383955772
15.3418582337
15.3422774935
15.3454063763
15.3489613136
15.3524592424
15.3555718267
15.3590706059
15.362603551
15.3630001278
15.3660797762
15.3665270398
15.3695062435
15.3730063704
15.3765682474
15.3769782373
15.3778994932
15.3820654096
15.3864110293
15.3907394775
15.3951298126
15.3996251756
15.4038358915
15.4082843597
15.4125658494
15.416768953
15.4211046873
15.4253063024
15.4296533724
15.4338972705
15.4383816082
15.4429634432
15.44751232
15.4529566716
15.4542954069
15.4579881769
15.4618073922
15.4659550796
15.470011423
15.4741394309
15.474532743
15.476079864
15.4764474211
15.4782867911
15.4822232173
15.4849476449
15.4856838732
15.4877828929
15.492025402
15.4962497321
15.499918037
15.5042587917
15.5087202295
15.5131389919
15.5176836078
15.5222736342
15.5267120478
15.5312868918
15.5359362324
15.5378789569
15.5402505973
15.5425608341
15.5450379899
15.5471559903
15.5519848632
15.5569824587
15.5621007957
15.566768691
15.5714842536
15.5762009317
15.5810319041
15.5857620245
15.5902801404
15.5949869377
15.5996475064
15.6046855476
15.6095118082
15.6147631842
15.6193356601
15.6238419215
15.6273770851
15.6293860912
15.6342577413
15.6385966996
15.6432161509
15.6480780755
15.6528859037
15.6578083232
15.6627446629
15.6675973363
15.6724196845
15.677279397
15.682037393
15.6867146164
15.6914869799
15.696246995
15.7009855947
15.7059201577
15.7107268144
15.7155691721
15.7204508998
15.7250777246
15.7300077049
15.734647967
15.7397662921
15.744554789
15.7496203308
15.7544140835
15.7592859679
15.7641911815
15.7690792892
15.7738718235
15.7788362751
15.7836190572
15.7883546938
15.7931786842
15.7981182511
15.8028869053
15.803496116
15.8061105671
15.8081783281
15.8130847575
15.8183240582
15.8235554428
15.8287374226
15.8337846762
15.8388501195
15.8440813436
15.8494194059
15.854737567
15.8600563059
15.8648951616
15.8699475965
15.874894174
15.8795290092
15.8845208187
15.8892634166
15.8942513498
15.8995878852
15.9050487931
15.9104743662
15.9108698505
15.9136773849
15.9186799719
15.9240065376
15.9290604981
15.934456828
15.9395929789
15.9445098624
15.9495621032
15.9538664219
15.9581702133
15.9628093651
15.9678039725
15.9728930893
15.9781168629
15.9834192536
15.9886532708
15.9940050293
15.9992511262
16.004661431
16.0099035473
16.0147990617
16.0199161053
16.025195894
16.0301772154
16.0355314195
16.0403757802
16.0453986561
16.0504481791
16.0545689544
16.0594568044
16.0641523682
16.0689094598
16.0737927257
16.0786839877
16.083688255
16.0886548103
16.0935644463
16.0984294753
16.1034169808
16.1085243107
16.1136711873
16.1188014996
16.1238822289
16.128906426
16.134020665
16.1390361753
16.1438173925
16.1487889169
16.1538124759
16.1591622546
16.1644140366
16.1697546125
16.1751821852
16.1802337811
16.1852679133
16.1904445454
16.1954732706
