3.75
3.75062093054
3.75111003081
3.75227719192
3.75350581395
3.75473113415
3.75594949061
3.75714177431
3.7583384797
3.75956413891
3.76081048314
3.76205178556
3.76329425032
3.7644509585
3.76564899162
3.7668255907
3.76794988289
3.76913354897
3.77027530414
3.77146020761
3.77270898929
3.77397453397
3.77523642146
3.7753382119
3.77599918856
3.77718766788
3.77842893201
3.77962405014
3.78087797332
3.78208692442
3.78325455465
3.78444865082
3.78546180526
3.78648382829
3.78760540906
3.78879094726
3.78999160613
3.79121837929
3.79245779714
3.79368637867
3.79493512328
3.79616598282
3.79742523408
3.79865553446
3.79982217892
3.80103149239
3.8022689501
3.80345349728
3.8047039382
3.80586434115
3.80705434598
3.80825139011
3.80924714532
3.81041613001
3.81154909732
3.81269381325
3.81386280407
3.81503182955
3.81621536522
3.81739387842
3.81856008807
3.81972138556
3.82090227959
3.82210561357
3.82331481508
3.82452233999
3.82572092467
3.82691099519
3.82811524095
3.82930497197
3.8304518388
3.83163358822
3.83282204942
3.83407274488
3.8353029681
3.83655050149
3.83781429547
3.83900996363
3.84020032895
3.84141844531
3.84260733952
3.84274772901
3.84376936526
3.84500460531
3.84620941689
3.84708412564
3.84722326971
3.84823044887
3.84944716876
3.84961049958
3.85066620584
3.85179667363
3.85296079231
3.85416591562
3.85536332632
3.85662364526
3.85783695665
3.85902216477
3.86018435474
3.86133200021
3.86249404262
3.86366919558
3.86481442205
3.86608114872
3.86725698369
3.86839667378
3.8695592718
3.86977118931
3.87006766374
3.87127346774
3.87239100386
3.87253176664
3.8735649862
3.87477808042
3.87611126966
3.87744752169
3.878624462
3.87982166211
3.88094556076
3.88206805476
3.88323257371
3.88337121874
3.88439731307
3.88554531611
3.88676682853
3.88800806101
3.88814788782
3.88918250917
3.8903840798
3.89054130208
3.89156322568
3.89276652544
3.89291602763
3.8939628543
3.89516181037
3.89640062419
3.89653763547
3.89756453536
3.89874282498
3.89888712886
3.89991018839
3.90005420181
3.90106323621
3.90222110393
3.90340233073
3.90461519487
3.90581568357
3.90700790517
3.90812981903
3.90927191805
3.9104244305
3.9105722172
3.91158579327
3.91274148892
3.91369262803
3.91414737643
3.9152619657
3.91540245093
3.91642187472
3.91757466072
3.91876552973
3.91996989239
3.92121866729
3.92242513351
3.92358126921
3.92480440061
3.92603109117
3.92720973214
3.92839570504
3.92853304209
3.92958478095
3.93074312183
3.93190381785
3.93313629603
3.9343273002
3.93549471211
3.93666386518
3.93775968357
3.93790206655
3.93890543283
3.94008105441
3.94123957403
3.94240585623
3.94256546138
3.94355293985
3.94469968609
3.94580736188
3.94691084461
3.94798745064
3.94812708685
3.94924540543
3.95051968924
3.95169339148
3.95282605538
3.95391631227
3.95420709768
3.9545916698
3.95574654604
3.95692194502
3.95707976954
3.95811319365
3.95929645907
3.95942955136
3.96047886878
3.96164059167
3.96282241681
3.96295701196
3.96403908067
3.96417596323
3.96523274772
3.96538839937
3.96643648009
3.9676077261
3.96881674471
3.96994429207
3.97111232194
3.97230221933
3.97245737397
3.97349701653
3.97364406891
3.97471417506
3.97487544371
3.97594604515
3.97609885064
3.97711637179
3.97824180261
3.97837569846
3.97943645984
3.97957282982
3.98060148613
3.98075338981
3.9817760952
3.98192058158
3.98291432644
3.98305168154
3.9840800286
3.9842255824
3.98525946459
3.98532078941
3.98643474177
3.98654685749
3.9875846529
3.98772224194
3.98875481508
3.98890730363
3.98995296903
3.99113566328
3.99226448358
3.9934561769
3.9942884283
3.99507104545
3.99630998132
3.99749886024
3.99764562934
3.99869126753
3.99975983552
3.99985758248
4.00100030754
4.00110796427
4.00222591502
4.00345372894
4.00466804012
4.00580729787
4.00691461611
4.00701303079
4.00807854194
4.00817643705
4.00930015432
4.01055014776
4.01182920254
4.0119378852
4.01308701122
4.01432021752
4.01557291885
4.01680671746
4.01797656595
4.01913287858
4.0203099723
4.02150183356
4.0227239088
4.02390284729
4.02493536828
4.02602190422
4.02712118298
4.02810351809
4.02922478232
4.03034314014
4.03148954477
4.03258329069
4.03360781496
4.03470602105
4.0348514177
4.03595571993
4.03720653653
4.03849244201
4.03864282162
4.03977386439
4.04098677324
4.04114448133
4.04216391842
4.04334668884
4.04456341257
4.04471530659
4.0458127354
4.04703889087
4.04818817317
4.04937624308
4.05049356235
4.05152757788
4.05283553822
4.05402531656
4.05416497612
4.05530089772
4.05653742031
4.05667848965
4.05771649662
4.05898692608
4.06029010387
4.06153613959
4.06285133514
4.06405553425
4.06532070824
4.06662885564
4.06678687109
4.06785206393
4.06901629224
4.07010943696
4.0702245035
4.07125473198
4.07137489067
4.07248989028
4.07365013822
4.07381712826
4.07491896399
4.0762118063
4.07737999348
4.07851359605
4.07864328915
4.07957116044
4.08075141092
4.08190799062
4.08308048593
4.08424207765
4.08438941737
4.08549305278
4.08659618228
4.08768273747
4.08886059309
4.08981781553
4.09111340564
4.0923254319
4.09351895359
4.09366320088
4.09474050467
4.09598031892
4.09721397095
4.09848613661
4.09971976386
4.0998685629
4.1010405375
4.1011933164
4.10221343157
4.10338650801
4.10353521796
4.10463099576
4.10583059329
4.10707354828
4.10825609673
4.10841400358
4.109563282
4.11077134284
4.1109292211
4.11194481823
4.11206966246
4.11313977204
4.11432170192
4.11545237087
4.11668308223
4.11678546701
4.11778995548
4.11899335816
4.12013354351
4.1202705288
4.1206499727
4.12201555446
4.12296900607
4.1241816441
4.12551446849
4.12670549147
4.12786091599
4.12898037726
4.12911305967
4.13020071747
4.13144000043
4.13159748731
4.1326138152
4.13390823321
4.13518683956
4.13533647231
4.13640561008
4.13770114617
4.13786050667
4.13896644294
4.14022295185
4.14153134567
4.14175223573
4.14293896455
4.14423117985
4.14439293072
4.14553953148
4.14569012528
4.14683979652
4.1481894568
4.14836884445
4.14951981239
4.15086496057
4.15218751593
4.15348719669
4.15472098146
4.15489215201
4.15604586403
4.15735156001
4.15861443206
4.15982452395
4.16111437354
4.16128621372
4.16238889115
4.16364320361
4.16496522476
4.16628110783
4.16747827747
4.16869269273
4.16883135578
4.1698933735
4.17004516741
4.17116419494
4.17247202705
4.17362827362
4.17485098495
4.17616044261
4.17631118636
4.17740808397
4.17862270889
4.17926496689
4.18007226681
4.18140214006
4.18158322441
4.18272352225
4.18405553058
4.18522830554
4.18654336578
4.18776945729
4.1890150817
4.19029934267
4.19044973029
4.1915482641
4.19275861428
4.19290113576
4.19390343867
4.19514070133
4.19529492464
4.19634303644
4.19760961065
4.19890049843
4.20027079343
4.20149618898
4.20267361326
4.20387917757
4.20495796917
4.20580076044
4.20654898994
4.20759129915
4.2087408329
4.20889353362
4.20998262795
4.21122129572
4.21134306294
4.21236178103
4.21339624134
4.21448015465
4.21551757742
4.21641663669
4.21724105203
4.21805509584
4.21934132633
4.22063515908
4.22190584838
4.22311711099
4.22417217797
4.22531437959
4.22638766891
4.22752905781
4.22874040488
4.22993327822
4.23112288491
4.23227707606
4.23327063648
4.23442812586
4.23559265564
4.23682574738
4.23805271725
4.23926613841
4.24046298254
4.24156853043
4.24277111466
4.24387118861
4.24498995232
4.24609175698
4.247015052
4.24808712337
4.24910387216
4.25017241618
4.25112500181
4.25205249553
4.25304509233
4.25416361974
4.2551263671
4.25617169597
4.25726940335
4.25834799533
4.25946526968
4.26068722062
4.26183551259
4.2629896184
4.2640691129
4.26530692824
4.26655279496
4.2677851349
4.26894379911
4.27013113719
4.2713076885
4.27248628069
4.27369749984
4.27504267591
4.27624044419
4.27745128641
4.27869674502
4.27920063684
4.28036122045
4.28145649108
4.28270395274
4.28390527853
4.28528469109
4.28654156979
4.28778384845
4.2888003874
4.2902365285
4.2915579545
4.29268812715
4.2938535457
4.29518927417
4.2965779717
4.29799005253
4.29923804093
4.3002773287
4.3015871726
4.30291085136
4.30411201839
4.3053491899
4.30666812558
4.30794223016
4.30912515643
4.31031361486
4.3113200288
4.31253364398
4.31369076783
4.3148828318
4.31615250752
4.31744532948
4.31866898429
4.3199121883
4.32105847213
4.32221310642
4.32352533297
4.32479091611
4.32614974978
4.32753643353
4.32875517018
4.32991666422
4.33092515269
4.33170789112
4.33248489499
4.3329975963
4.33383690161
4.33445666434
4.3351177717
4.33591396148
4.33667399749
4.33739578167
4.3381130363
4.33942940057
4.34082794465
4.34218326286
4.3434776599
4.34472786877
4.346075784
4.34740436056
4.3486865188
4.3500457504
4.35134786588
4.35272300406
4.35405063818
4.35528816393
4.35658792471
4.35790472688
4.35924361745
4.36047559035
4.36174328126
4.36304124472
4.36428406009
4.36559217245
4.36689776107
4.36813353452
4.3694018426
4.37060524633
4.37193534821
4.37208530461
4.3732076926
4.37422483824
4.37548180157
4.37682959295
4.37818231097
4.37904384997
4.38033282634
4.38150981274
4.38285355824
4.38406877544
4.38422261484
4.38529468579
4.38652226745
4.38768628007
4.38783564541
4.38839813345
4.38907949911
4.39028309584
4.39044581669
4.39145947105
4.39229121701
4.39321633165
4.39335296504
4.39435193316
4.39448482067
4.39527790702
4.39574423106
4.39661636816
4.39789955645
4.39805432515
4.39919488322
4.40042373506
4.4016893922
4.40184653913
4.40305955924
4.40436403392
4.40565196035
4.40692691171
4.40825560414
4.40840957697
4.40952792545
4.41086114421
4.41103640346
4.41218497006
4.41355190679
4.41369350608
4.41475169511
4.41600575356
4.41732332309
4.41852185691
4.41977292825
4.41983339431
4.42080389385
4.42213113228
4.42339652203
4.42471269878
4.42487825516
4.42599014236
4.4272965442
4.42861241101
4.42878349166
4.42996929256
4.43130682146
4.43148489801
4.43272232563
4.432894835
4.4340419232
4.43536558162
4.43669964317
4.43801814062
4.43934952244
4.43952432234
4.44070947544
4.44209302335
4.4434683
4.44478553451
4.44496335342
4.44605145648
4.44731346696
4.44746729836
4.44863728928
4.44997141651
4.45012332105
4.45125367944
4.45262168574
4.45390926618
4.4551991137
4.45645667851
4.45773957132
4.45789578155
4.45908049457
4.46033044063
4.461641944
4.46291826863
4.46424170779
4.46550038286
4.46660299041
4.46755569305
4.46884538824
4.4689948433
4.47013953117
4.47145630081
4.47278792699
4.47408594718
4.47532060403
4.47652887628
4.47765476935
4.47871811733
4.4798427223
4.47997085888
4.48089295299
4.48194035375
4.48256543014
4.48346758754
4.48391577682
4.4844136018
4.48457344434
4.48473755599
4.48588876421
4.48604490385
4.48723667961
4.48854703603
4.48871623535
4.48985654797
4.49124872407
4.49269995151
4.49391020816
4.49405718135
4.4951893046
4.49651580189
4.49724920782
4.49774750078
4.49811733787
4.49904081719
4.49998644686
4.50091439229
4.50103387215
4.50183121596
4.50193672623
4.50274282052
4.50365825213
4.50377321396
4.50459833157
4.50554032593
4.50649143769
4.50742994631
4.5075421945
4.50837932735
4.50931305391
4.50942917912
4.51025594798
4.51037098025
4.51117944755
4.51212210437
4.51223082719
4.51304125571
4.51399291034
4.51493900943
4.51504816802
4.51587537899
4.51676133495
4.51769303802
4.51859201444
4.5187093142
4.51983444714
4.52111518383
4.52125384781
4.52215596591
4.5232499415
4.52338860169
4.52446814507
4.52563786275
4.52578629079
4.52683478058
4.52698111437
4.52769471902
4.5286450634
4.52982238297
4.53087141265
4.530972926
4.53172606022
4.53251438573
4.53333970661
4.5342090973
4.53428277052
4.53519129122
4.53618569587
4.53723879839
4.53732695893
4.53811317703
4.53817734754
4.5390545135
4.54004740423
4.54012873467
4.54077024946
4.5418860572
4.54301051843
4.5430992717
4.54411713994
4.54521078563
4.54530461972
4.54630642186
4.54742664257
4.54853312902
4.54966640167
4.55077314023
4.55189176537
4.55302245735
4.55311632386
4.55411126404
4.55420300452
4.5552303885
4.55532303631
4.55628914343
4.55637000481
4.5571347616
4.55830355107
4.55939832536
4.5594894617
4.56026459261
4.56133842272
4.56142131622
4.5621976877
4.56304533161
4.56390185319
4.56475441071
4.56482764085
4.56561655375
4.56646784666
4.56653392633
4.56731436835
4.56814860764
4.56898016573
4.56981507123
4.56988171215
4.57064368843
4.57148751537
4.57160946621
4.57224070263
4.57230875267
4.57305263505
4.57389129614
4.57396036169
4.57483420287
4.57578217975
4.57670903598
4.57766404026
4.57774238548
4.5788753637
4.5798995467
4.58103110811
4.58221672912
4.58340441571
4.58350150523
4.58497658472
4.5850929298
4.58643204446
4.58784875097
4.5879607987
4.58888290333
4.59031089621
4.59047617759
4.59127968144
4.59273998373
4.5929288215
4.59424851992
4.59441927592
4.59564462824
4.59580788944
4.59711436397
4.59859370237
4.59987790411
4.60129818071
4.6026655707
4.60408835068
4.60560418241
4.60703402322
4.60845709547
4.60991082462
4.61140050551
4.61157298312
4.61228393162
4.61311704721
4.61400237899
4.61485387626
4.61573778544
4.6166167662
4.61749609172
4.61839916876
4.61926941741
4.62011369047
4.62093204918
4.62178300991
4.62187881929
4.62262653676
4.6234992009
4.62438391835
4.62529951828
4.62617033809
4.62626986131
4.62701493759
4.62786965416
4.62797615261
4.62831504567
4.62842915436
4.62919637487
4.63009413879
4.6310205909
4.63223041629
4.63341024879
4.63356026266
4.63456509112
4.6347254908
4.63577026653
4.63697374691
4.63711116653
4.63777814976
4.63906244198
4.63920267116
4.64030505113
4.6414508123
4.64257675167
4.64373656113
4.64475036238
4.64589804039
4.64705932831
4.64827547636
4.64842096697
4.64945305177
4.6495852871
4.65062174412
4.65075222118
4.65179792405
4.65298058897
4.65414383443
4.65430950446
4.65535792654
4.6565522442
4.65670309779
4.65744385958
4.65831791331
4.65937617423
4.66023737693
4.66033137211
4.66087053122
4.66096966484
4.66178071533
4.66265748161
4.6627779224
4.66355904556
4.66411331611
4.66481416445
4.66573468484
4.66662943095
4.66673029978
4.66748823599
4.66849051063
4.66939663877
4.67028055197
4.67115338141
4.67203001734
4.6729158555
4.67301821142
4.67380333571
4.67464593348
4.67553239705
4.67638152197
4.67650099144
4.67726034769
4.67737344701
4.67816030395
4.67901725835
4.67993194852
4.68079596268
4.68169956271
4.68180927136
4.68256590855
4.68340988128
4.68350937248
4.68430609809
4.68518249188
4.68605733989
4.6869577402
4.68784416861
4.68794300367
4.68872671826
4.68961189941
4.69049193753
4.69140879373
4.69152359297
4.69230853677
4.69322457324
4.6933477297
4.6934072499
4.69434837014
4.69447436703
4.69531040494
4.6964139118
4.69649615808
4.69743037701
4.69841404656
4.69928222223
4.7001176458
4.70018570082
4.70093050952
4.70180129126
4.70267180342
4.70356572564
4.70364147884
4.70462934242
4.70574218789
4.70582910092
4.70682956288
4.70793986714
4.70900101423
4.7090886923
4.71012911691
4.71126111717
4.71236602077
4.71346847931
4.71355000024
4.71457117892
4.71564156767
4.71676931999
4.71790754241
4.71900724608
4.72014629648
4.72119849974
4.72127349367
4.72169134931
4.72282080619
4.72391696755
4.7251206991
4.72629735748
4.72749884304
4.72760824132
4.72864044561
4.72978884472
4.73092152591
4.73101651891
4.73202587056
4.73310977074
4.7331926996
4.73328745911
4.73408813808
4.73416772559
4.7349441513
4.7358060522
4.73587379777
4.73669912942
4.73755992059
4.73842603424
4.73953512327
4.73966819424
4.74013701158
4.74028573276
4.74040858535
4.74143103788
4.74156534347
4.74252224625
4.74359035204
4.74371234169
4.7446558674
4.74572058757
4.74676582332
4.7477743498
4.74791028799
4.74882717598
4.74993540937
4.75006284421
4.75100345083
4.75205293181
4.75318442396
4.75431639185
4.75545879257
4.75558634452
4.75656278476
4.75669160325
4.75766144266
4.75878362309
4.75892342856
4.75982458029
4.76084144172
4.76184414301
4.76288189383
4.76401377501
4.76517836044
4.76630588188
4.76739442523
4.7685028744
4.76960431324
4.76974216935
4.77074203386
4.77187962522
4.77291442772
4.7730528368
4.77399996933
4.77517904039
4.7754572558
4.77587465265
4.77598885635
4.77691923146
4.77797860005
4.77898636787
4.77910046153
4.77991567969
4.78002417343
4.78083610548
4.78176461017
4.78273123366
4.78370963139
4.78463949751
4.78557832871
4.78653654217
4.7875227291
4.78772847006
4.78856559427
4.78868349933
4.78952236249
4.79046307552
4.79058847191
4.79141825583
4.79233348328
4.79329943004
4.79425451452
4.79436796958
4.7951932138
4.79609763071
4.79621674564
4.79704730751
4.79799016076
4.79893300653
4.79904827683
4.79989326925
4.80085439338
4.80180426314
4.80264699044
4.80359890106
4.80455566675
4.80466602993
4.80550023269
4.8056209779
4.80643426947
4.80738536515
4.80834864245
4.80846178085
4.80869588538
4.80975874348
4.81086034105
4.81195665432
4.81307083822
4.81420514597
4.81528135213
4.81640361652
4.81749251726
4.81856417099
4.81966413061
4.82073548627
4.82183760203
4.82292287105
4.82405064683
4.82520039969
4.82634086154
4.82758396775
4.82810799664
4.82907954577
4.83007705137
4.83113572918
4.83217875055
4.83323790586
4.83333555195
4.83389462359
4.83398632828
4.83445688372
4.83547706463
4.83615356555
4.83632103515
4.8368467432
4.8379270512
4.83900112486
4.83997080674
4.8410685262
4.8421911694
4.84330417196
4.8444514194
4.84560910617
4.84673111174
4.84787802701
4.84904531555
4.84961244752
4.85036634955
4.85111149751
4.85176057772
4.85230790169
4.85349341484
4.85472495151
4.85599306103
4.85715539215
4.85832752256
4.85949452105
4.86069631742
4.86187446112
4.86300811383
4.86417763418
4.86534169111
4.86658761108
4.86778356974
4.86907302934
4.87022678445
4.87136287171
4.87225936056
4.87278483314
4.87399485737
4.87509538416
4.87625317129
4.87746184363
4.87865191641
4.87986595556
4.88108622218
4.88228995511
4.88348508216
4.88468751889
4.88587291814
4.88705461761
4.88825835123
4.88945618803
4.89065074365
4.89187916517
4.89307997783
4.89427619275
4.89548466937
4.8966371793
4.8978562848
4.89901371922
4.90028096972
4.90147698185
4.9027336132
4.9039408749
4.90515399645
4.90637090024
4.90758516155
4.90877991301
4.91001212876
4.91120194781
4.91238120718
4.91358036574
4.91480489121
4.91598872422
4.91613995378
4.91676088432
4.91724998459
4.9184171457
4.91964576773
4.92087108793
4.92208944439
4.92328172809
4.92447843348
4.92570409269
4.92695043692
4.92819173934
4.92943420409
4.93059091227
4.93178894539
4.93296554447
4.93408983666
4.93527350274
4.93641525791
4.93760016138
4.93884894306
4.94011448774
4.94137637523
4.94147816567
4.94213914233
4.94332762165
4.94456888578
4.94576400391
4.94701792709
4.94822687819
4.94939450842
4.95058860459
4.95160175903
4.95262378206
4.95374536283
4.95493090103
4.9561315599
4.95735833305
4.9585977509
4.95982633243
4.96107507704
4.96230593658
4.96356518784
4.96479548822
4.96596213268
4.96717144615
4.96840890386
4.96959345104
4.97084389196
4.97200429491
4.97319429974
4.97439134387
4.97538709908
4.97655608376
4.97768905107
4.978833767
4.98000275782
4.98117178329
4.98235531896
4.98353383216
4.9847000418
4.98586133929
4.98704223332
4.9882455673
4.98945476881
4.99066229372
4.9918608784
4.99305094892
4.99425519468
4.9954449257
4.99659179253
4.99777354195
4.99896200315
5.00021269861
5.00144292182
5.0026904552
5.00395424918
5.00514991734
5.00634028266
5.00755839901
5.00874729322
