112000.0
112012.416667
112022.5
112046.333333
112070.333333
112094.166666
112118.166666
112141.999999
112165.999999
112189.833332
112213.833332
112237.666665
112261.666665
112285.499998
112309.499998
112333.333331
112357.333331
112381.166664
112405.166664
112428.999997
112452.999997
112476.83333
112500.83333
112503.249997
112516.58333
112540.58333
112564.416663
112588.416663
112612.249996
112636.249996
112660.083329
112684.083329
112704.166662
112724.833329
112748.666662
112772.666662
112796.499995
112820.499995
112844.333328
112868.333328
112892.166661
112916.166661
112939.999994
112963.999994
112987.833327
113011.833327
113035.66666
113059.66666
113083.499993
113107.499993
113131.333326
113155.333326
113176.333326
113200.333326
113224.166659
113248.166659
113271.999992
113295.999992
113319.833325
113343.833325
113367.666658
113391.666658
113415.499991
113439.499991
113463.333324
113487.333324
113511.166657
113535.166657
113558.99999
113582.99999
113606.833323
113630.833323
113654.666656
113678.666656
113702.499989
113726.499989
113750.333322
113774.333322
113798.166655
113822.166655
113845.999988
113848.999988
113869.916655
113893.916655
113917.749988
113935.249988
113938.166655
113959.166655
113982.999988
113986.083321
114006.999988
114030.999988
114054.833321
114078.833321
114102.666654
114126.666654
114150.499987
114174.499987
114198.33332
114222.33332
114246.166653
114270.166653
114293.999986
114317.999986
114341.833319
114365.833319
114389.249986
114394.166653
114400.58332
114424.58332
114448.416653
114451.499986
114472.416653
114496.416653
114520.249986
114544.249986
114568.083319
114592.083319
114615.916652
114639.916652
114663.749985
114666.749985
114687.666652
114711.666652
114735.499985
114759.499985
114762.416652
114783.416652
114807.249985
114810.333318
114831.249985
114855.249985
114858.166652
114879.166652
114902.999985
114926.999985
114929.916652
114950.916652
114974.749985
114977.749985
114998.666652
115001.749985
115022.666652
115046.666652
115070.499985
115094.499985
115118.333318
115142.333318
115166.166651
115190.166651
115213.999984
115217.083317
115237.999984
115261.999984
115282.416651
115292.833318
115316.666651
115319.749984
115340.666651
115364.666651
115388.499984
115412.499984
115436.333317
115460.333317
115484.16665
115508.16665
115531.999983
115555.999983
115579.833316
115582.916649
115603.833316
115627.833316
115651.666649
115675.666649
115699.499982
115723.499982
115747.333315
115771.333315
115774.249982
115795.249982
115819.083315
115843.083315
115866.916648
115869.999981
115890.916648
115914.916648
115938.749981
115962.749981
115986.583314
115989.583314
116010.499981
116034.499981
116058.333314
116082.333314
116106.166647
116112.166647
116120.24998
116144.24998
116168.083313
116171.166646
116192.083313
116216.083313
116218.916646
116239.916646
116263.749979
116287.749979
116290.583312
116311.583312
116314.416645
116335.416645
116338.333312
116359.333312
116383.166645
116407.166645
116430.999978
116454.999978
116478.833311
116481.916644
116502.833311
116505.833311
116526.749978
116529.749978
116550.666645
116553.666645
116574.583312
116598.583312
116601.499979
116622.499979
116625.333312
116646.333312
116649.249979
116670.249979
116673.083312
116694.083312
116696.999979
116717.999979
116720.916646
116741.916646
116743.583313
116764.583313
116767.416646
116788.416646
116791.333313
116812.333313
116815.166646
116836.083313
116860.083313
116883.916646
116907.916646
116927.083313
116941.916646
116965.749979
116989.749979
116992.583312
117014.583312
117038.416645
117040.416645
117062.333312
117064.333312
117086.249979
117110.249979
117134.083312
117158.083312
117181.916645
117183.916645
117205.833312
117207.833312
117229.749979
117253.749979
117277.583312
117279.583312
117301.499979
117325.499979
117349.333312
117373.333312
117397.166645
117421.166645
117444.999978
117468.999978
117492.833311
117516.833311
117540.666644
117564.666644
117588.499977
117612.499977
117636.33331
117660.33331
117684.166643
117705.58331
117726.58331
117750.416643
117753.416643
117774.416643
117797.33331
117821.33331
117824.166643
117845.166643
117868.999976
117871.999976
117892.916643
117916.916643
117940.749976
117943.749976
117964.666643
117988.666643
118012.499976
118036.499976
118060.333309
118084.333309
118108.166642
118132.166642
118134.999975
118155.999975
118179.833308
118182.833308
118203.749975
118227.749975
118251.583308
118275.583308
118299.416641
118323.416641
118347.249974
118371.249974
118374.083307
118395.083307
118418.91664
118441.749973
118444.66664
118465.66664
118468.499973
118489.499973
118513.333306
118516.416639
118537.333306
118561.333306
118585.166639
118609.166639
118611.999972
118632.999972
118656.833305
118680.833305
118704.666638
118728.666638
118731.499971
118752.499971
118776.333304
118800.333304
118824.166637
118841.666637
118865.666637
118889.49997
118913.49997
118916.333303
118937.333303
118961.166636
118985.166636
119008.999969
119032.999969
119035.833302
119056.833302
119059.666635
119080.666635
119104.499968
119107.499968
119128.416635
119152.416635
119176.249968
119200.249968
119203.166635
119224.166635
119247.999968
119251.083301
119271.999968
119274.999968
119295.916635
119319.916635
119343.749968
119367.749968
119370.583301
119391.583301
119415.416634
119439.416634
119442.249967
119449.999967
119473.999967
119492.5833
119513.499967
119537.499967
119561.3333
119585.3333
119609.166633
119612.166633
119633.0833
119657.0833
119659.916633
119680.916633
119704.749966
119728.749966
119731.583299
119752.583299
119776.416632
119779.416632
119800.333299
119824.333299
119848.166632
119852.499965
119876.333298
119900.333298
119903.166631
119924.166631
119927.083298
119948.083298
119971.916631
119974.916631
119995.833298
120019.833298
120043.666631
120067.666631
120091.499964
120094.499964
120115.416631
120139.416631
120163.249964
120187.249964
120211.083297
120214.083297
120234.999964
120258.999964
120282.833297
120306.833297
120330.66663
120354.66663
120357.499963
120378.499963
120381.333296
120402.333296
120426.166629
120450.166629
120473.999962
120497.999962
120500.833295
120521.833295
120545.666628
120558.083295
120573.666628
120597.499961
120600.583294
120621.499961
120645.499961
120669.333294
120693.333294
120717.166627
120741.166627
120764.99996
120767.99996
120788.916627
120812.916627
120815.833294
120836.833294
120860.666627
120863.666627
120884.583294
120908.583294
120932.583294
120956.416627
120980.416627
121004.24996
121028.24996
121052.083293
121074.333293
121098.083293
121122.083293
121145.916626
121148.916626
121169.833293
121193.833293
121196.666626
121217.666626
121241.499959
121265.499959
121289.333292
121313.333292
121337.166625
121361.166625
121384.999958
121408.999958
121432.833291
121456.833291
121479.749958
121503.749958
121527.583291
121551.583291
121575.416624
121599.416624
121623.249957
121647.249957
121671.08329
121695.08329
121718.916623
121742.916623
121766.749956
121790.749956
121814.583289
121838.583289
121862.416622
121886.416622
121910.249955
121934.249955
121958.083288
121982.083288
122005.916621
122029.916621
122053.749954
122077.749954
122101.583287
122125.583287
122149.41662
122173.41662
122197.249953
122221.249953
122245.083286
122269.083286
122292.916619
122316.916619
122340.749952
122364.749952
122388.583285
122412.583285
122436.416618
122460.416618
122484.249951
122508.249951
122532.083284
122556.083284
122579.916617
122603.916617
122627.74995
122637.916617
122661.916617
122685.74995
122709.74995
122733.583283
122757.583283
122781.416616
122805.416616
122829.249949
122853.249949
122877.083282
122901.083282
122924.583282
122948.583282
122972.416615
122996.416615
123020.249948
123044.249948
123068.083281
123092.083281
123115.916614
123139.916614
123163.749947
123187.749947
123211.58328
123235.58328
123259.416613
123283.416613
123307.249946
123331.249946
123355.083279
123379.083279
123402.916612
123426.916612
123450.749945
123474.749945
123498.583278
123522.583278
123546.416611
123570.416611
123594.249944
123618.249944
123642.083277
123662.833277
123684.66661
123702.41661
123726.249943
123743.333276
123766.083276
123789.916609
123813.916609
123835.166609
123848.333276
123872.166609
123896.166609
123919.999942
123943.999942
123967.833275
123991.833275
124015.666608
124039.666608
124063.499941
124087.499941
124111.333274
124135.333274
124159.166607
124183.166607
124206.99994
124230.99994
124254.833273
124278.833273
124302.666606
124326.666606
124350.499939
124374.499939
124398.333272
124422.333272
124446.166605
124470.166605
124473.083272
124494.083272
124517.916605
124541.916605
124565.749938
124589.749938
124608.166605
124632.166605
124655.999938
124679.999938
124703.833271
124706.833271
124727.749938
124751.749938
124775.166605
124778.166605
124789.333272
124802.916605
124826.749938
124829.749938
124850.666605
124874.666605
124898.499938
124901.499938
124922.416605
124925.416605
124946.333272
124961.499939
124979.499939
125003.499939
125006.333272
125027.333272
125051.166605
125075.166605
125077.999938
125098.999938
125122.833271
125146.833271
125170.666604
125194.666604
125197.499937
125218.499937
125242.33327
125245.33327
125266.249937
125290.249937
125293.08327
125314.08327
125337.916603
125361.916603
125385.749936
125409.749936
125411.416603
125428.999936
125452.999936
125476.833269
125500.833269
125503.749936
125524.749936
125548.583269
125572.583269
125575.499936
125596.499936
125620.333269
125623.416602
125644.333269
125647.333269
125668.333269
125692.166602
125716.166602
125739.999935
125763.999935
125766.916602
125787.916602
125811.749935
125835.749935
125859.583268
125862.583268
125883.499935
125907.499935
125910.333268
125931.333268
125955.166601
125958.166601
125979.083268
126003.083268
126026.916601
126050.916601
126074.749934
126098.749934
126101.583267
126122.583267
126146.083267
126170.083267
126193.9166
126217.9166
126241.749933
126263.749933
126282.6666
126306.6666
126309.499933
126330.499933
126354.333266
126378.333266
126402.166599
126426.166599
126449.999932
126473.999932
126497.833265
126521.833265
126524.666598
126545.666598
126569.499931
126587.749931
126609.583264
126623.416597
126645.416597
126648.49993
126651.416597
126672.416597
126675.24993
126696.24993
126720.083263
126723.166596
126744.083263
126768.083263
126791.916596
126812.916596
126815.749929
126836.749929
126860.583262
126873.499929
126892.083262
126902.083262
126926.083262
126949.916595
126973.916595
126976.833262
126997.833262
127000.666595
127021.666595
127045.499928
127048.499928
127069.416595
127093.416595
127117.249928
127141.249928
127144.083261
127165.083261
127188.916594
127191.916594
127212.833261
127215.833261
127236.749928
127260.749928
127263.583261
127284.583261
127308.416594
127332.416594
127335.249927
127356.249927
127380.08326
127404.08326
127427.916593
127430.916593
127451.83326
127475.83326
127478.666593
127499.666593
127523.499926
127526.499926
127547.416593
127571.416593
127574.249926
127595.249926
127598.083259
127619.083259
127641.916592
127665.916592
127689.749925
127692.749925
127713.666592
127737.666592
127761.499925
127785.499925
127787.333258
127809.333258
127833.166591
127857.166591
127858.999924
127880.999924
127882.833257
127904.833257
127928.66659
127930.749923
127944.499923
127968.333256
127992.333256
127994.166589
128016.166589
128039.999922
128041.999922
128063.916589
128087.916589
128111.749922
128135.749922
128159.583255
128183.583255
128207.416588
128209.416588
128231.333255
128233.333255
128255.249922
128257.333255
128279.249922
128281.249922
128303.166589
128327.166589
128350.999922
128352.999922
128374.916589
128398.916589
128400.749922
128422.749922
128446.583255
128470.583255
128494.416588
128496.416588
128518.333255
128542.333255
128544.166588
128566.166588
128589.999921
128613.999921
128637.833254
128639.833254
128661.749921
128685.749921
128689.499921
128707.749921
128709.749921
128731.666588
128755.666588
128757.583255
128779.583255
128803.416588
128827.416588
128851.249921
128853.249921
128877.083254
128901.083254
128924.916587
128948.916587
128972.74992
128974.833253
128998.833253
129000.666586
129022.666586
129046.499919
129048.499919
129064.416586
129088.416586
129091.249919
129104.249919
129128.249919
129131.083252
129152.083252
129154.916585
129175.916585
129178.749918
129199.749918
129223.583251
129244.499918
129268.499918
129292.333251
129316.333251
129340.166584
129363.999917
129387.999917
129411.83325
129435.83325
129438.666583
129459.666583
129483.499916
129507.499916
129531.333249
129555.333249
129579.333249
129603.166582
129627.166582
129650.999915
129674.999915
129698.833248
129722.833248
129725.666581
129746.666581
129770.499914
129794.499914
129818.333247
129842.333247
129845.16658
129866.16658
129889.999913
129893.499913
129902.999913
129905.999913
129926.91658
129950.91658
129974.749913
129998.749913
130022.583246
130025.583246
130046.499913
130049.499913
130070.41658
130094.41658
130097.249913
130111.16658
130135.16658
130137.999913
130158.833246
130182.666579
130206.666579
130230.499912
130251.416579
130275.416579
130299.249912
130323.249912
130326.083245
130347.083245
130349.916578
130370.916578
130373.749911
130394.749911
130418.583244
130442.583244
130445.416577
130466.416577
130490.24991
130493.24991
130515.166577
130538.99991
130562.99991
130586.833243
130589.583243
130604.333243
130607.166576
130628.166576
130651.999909
130654.999909
130675.916576
130691.333243
130710.583243
130734.416576
130758.416576
130761.333243
130782.333243
130806.166576
130830.166576
130853.999909
130877.999909
130901.833242
130925.833242
130928.666575
130949.666575
130973.499908
130997.499908
131021.333241
131024.416574
131045.333241
131048.333241
131069.249908
131093.249908
131117.083241
131141.083241
131164.916574
131167.916574
131188.833241
131212.833241
131215.666574
131236.666574
131260.499907
131284.499907
131308.33324
131332.33324
131335.166573
131356.166573
131379.999906
131403.999906
131427.999906
131430.833239
131451.833239
131475.666572
131478.749905
131480.666572
131501.666572
131504.499905
131522.916572
131546.916572
131548.833239
131570.833239
131594.666572
131618.666572
131642.499905
131644.499905
131666.416572
131690.416572
131714.249905
131738.249905
131740.166572
131762.166572
131785.999905
131787.999905
131809.916572
131833.916572
131857.749905
131859.749905
131881.666572
131905.666572
131929.499905
131953.499905
131955.333238
131977.333238
132001.166571
132025.166571
132048.999904
132072.999904
132096.833237
132120.833237
132122.66657
132131.583237
132155.583237
132179.41657
132203.41657
132227.249903
132251.249903
132253.16657
132275.16657
132298.999903
132322.999903
132324.833236
132346.833236
132370.666569
132372.666569
132375.499902
132397.416569
132399.499902
132421.416569
132445.416569
132447.249902
132469.249902
132493.083235
132517.083235
132540.916568
132543.916568
132555.583235
132559.166568
132562.166568
132583.083235
132586.083235
132606.999902
132630.999902
132633.833235
132654.833235
132678.666568
132702.666568
132726.499901
132729.583234
132750.499901
132774.499901
132777.416568
132798.416568
132822.249901
132846.249901
132870.083234
132894.083234
132896.916567
132917.916567
132920.7499
132941.7499
132965.583233
132968.666566
132989.583233
133013.416566
133037.416566
133058.416566
133082.249899
133106.249899
133130.083232
133154.083232
133177.916565
133201.916565
133204.749898
133225.749898
133249.583231
133270.499898
133273.499898
133294.416565
133318.416565
133324.666565
133334.833232
133337.666565
133358.666565
133382.499898
133406.499898
133409.333231
133430.333231
133433.166564
133454.166564
133477.999897
133501.999897
133525.999897
133549.83323
133573.83323
133597.666563
133621.666563
133626.83323
133647.33323
133650.249897
133671.249897
133695.08323
133698.166563
133719.08323
133743.08323
133766.916563
133790.916563
133793.749896
133814.749896
133838.583229
133841.583229
133862.499896
133886.499896
133910.333229
133913.333229
133934.249896
133958.249896
133982.083229
134002.999896
134026.999896
134050.833229
134053.833229
134074.749896
134077.749896
134098.666563
134122.666563
134146.499896
134149.499896
134154.666563
134178.499896
134202.499896
134226.333229
134250.333229
134274.166562
134298.166562
134321.999895
134345.999895
134369.833228
134393.833228
134417.666561
134441.666561
134465.499894
134489.499894
134513.333227
134537.333227
134561.16656
134585.16656
134608.999893
134632.999893
134656.833226
134680.833226
134704.666559
134706.666559
134729.749892
134731.833225
134742.249892
134766.083225
134776.833225
134778.666558
134789.583225
134813.583225
134837.416558
134861.416558
134885.249891
134909.249891
134933.083224
134957.083224
134980.916557
135004.916557
135028.74989
135052.74989
135069.666557
135091.99989
135115.833223
135131.583223
135144.583223
135168.583223
135192.416556
135216.416556
135240.249889
135264.249889
135288.083222
135312.083222
135335.916555
135359.916555
135383.749888
135407.749888
135431.583221
135455.583221
135479.416554
135503.416554
135527.249887
135546.916554
135559.666554
135583.666554
135607.499887
135631.499887
135655.33322
135679.33322
135703.166553
135727.166553
135750.999886
135774.999886
135798.833219
135822.833219
135846.666552
135870.666552
135894.499885
135918.499885
135942.333218
135966.333218
135990.166551
136014.166551
136037.999884
136061.999884
136085.833217
136109.833217
136133.66655
136157.66655
136181.499883
136205.499883
136229.333216
136253.333216
136277.166549
136301.166549
136324.999882
136348.999882
136372.833215
136396.833215
136420.666548
136423.666548
136436.083215
136446.166548
136469.999881
136493.999881
136517.833214
136541.833214
136565.666547
136589.666547
136613.49988
136637.49988
136661.333213
136685.333213
136709.166546
136733.166546
136756.999879
136780.999879
136804.833212
136828.833212
136852.666545
136876.666545
136900.499878
136924.499878
136926.916545
136940.249878
136964.249878
136988.083211
137012.083211
137035.916544
137059.916544
137083.749877
137107.749877
137127.83321
137148.499877
137172.33321
137196.33321
137220.166543
137244.166543
137267.999876
137291.999876
137315.833209
137339.833209
137363.666542
137387.666542
137411.499875
137435.499875
137459.333208
137483.333208
137507.166541
137531.166541
137554.999874
137578.999874
137599.999874
137623.999874
137647.833207
137671.833207
137695.66654
137719.66654
137743.499873
137767.499873
137791.333206
137815.333206
137839.166539
137863.166539
137886.999872
137910.999872
137934.833205
137958.833205
137982.666538
138006.666538
138030.499871
138054.499871
138078.333204
138102.333204
138126.166537
138150.166537
138173.99987
138197.99987
138221.833203
138245.833203
138269.666536
