1.78
1.78017701943
1.7803254733
1.78067134506
1.78102593708
1.78137862707
1.78173191757
1.78208048769
1.78243163206
1.78278400591
1.7831406936
1.78349513796
1.7838517528
1.78419491739
1.78454354786
1.78488826392
1.78522777692
1.78557414102
1.78591670239
1.78626111198
1.78661387742
1.7869723539
1.78733111628
1.78736048597
1.78755790597
1.78790581145
1.78826152171
1.78861215437
1.7889690425
1.78932199624
1.78966896715
1.79002016811
1.79031510909
1.79061609565
1.79095516291
1.79130397909
1.79165286724
1.79200659624
1.79236018839
1.79271415097
1.79306879955
1.79342318911
1.79377928903
1.79413319559
1.7944776775
1.79482808545
1.7951802461
1.79552807933
1.79588223713
1.79622678669
1.79657340872
1.79692216408
1.79721897306
1.79756363246
1.79790232808
1.79824510598
1.79858581534
1.79893087003
1.79927922795
1.79962906146
1.79997618626
1.80032338582
1.80067130286
1.80102419465
1.80137533948
1.80172847846
1.80207744537
1.80242727681
1.80277726382
1.80312576553
1.80346711289
1.80381475238
1.80416262264
1.80451850672
1.80487080849
1.80522715257
1.80558241726
1.80593233561
1.80628040609
1.80663300889
1.80698111233
1.8070226898
1.80732461879
1.80767945834
1.80803002385
1.8082842629
1.80832405554
1.80861711242
1.80896917894
1.80901441046
1.80932197613
1.80966528976
1.81001078756
1.8103607683
1.81070791408
1.81106415049
1.8114130751
1.81176059228
1.81210367999
1.81244479886
1.81278769243
1.81313375626
1.81347516902
1.8138338114
1.81417906397
1.81452204926
1.8148620596
1.81492768446
1.81501791894
1.81538087733
1.81572102804
1.81576340329
1.81606920832
1.81642324953
1.81681411445
1.81721268869
1.81755918912
1.81790904467
1.81824862144
1.81858917791
1.8189342553
1.81897549689
1.81927784284
1.81962223885
1.81997389134
1.82032946782
1.82037048846
1.82067530087
1.82102518119
1.82107011377
1.82137299137
1.82172444764
1.82176633672
1.82207298035
1.82242364131
1.82277958423
1.82281968623
1.82312493402
1.82347129492
1.82351350559
1.82381671045
1.82385958323
1.82415958566
1.82450532052
1.82485277439
1.82520472365
1.82555409383
1.8259038954
1.82624323632
1.82658671776
1.82692979576
1.82697357313
1.82727365873
1.82761428321
1.82790087158
1.82804415432
1.82838423214
1.82842594424
1.8287285378
1.82907470014
1.82942368075
1.82977586073
1.83013273984
1.83048549933
1.83082943603
1.83118261163
1.83153643658
1.83188449697
1.832230843
1.83227135597
1.83257700766
1.83292178148
1.8332581479
1.83361250819
1.83396074917
1.83430767349
1.83465120744
1.83498589441
1.83502689924
1.83532835753
1.835674904
1.83602002595
1.83636603799
1.83641053386
1.83670766222
1.8370508763
1.837388552
1.83772503938
1.83805690531
1.83809842499
1.83843280183
1.83881928188
1.83916434026
1.83950700573
1.83983536186
1.83992081065
1.84003750298
1.84038146728
1.84072712984
1.84077162751
1.84107550101
1.84142495429
1.84146419376
1.84177095767
1.84211665885
1.8424652428
1.84250477348
1.84281584468
1.8428554028
1.84316420411
1.84320694392
1.84351563033
1.84386291153
1.84421652484
1.84455764489
1.84490495788
1.8452542718
1.84529830315
1.84560132463
1.84564361547
1.84595281949
1.84599647371
1.84630586409
1.84634932996
1.84664997231
1.8469920389
1.84703217495
1.84734097959
1.84738071494
1.84768406175
1.84772671921
1.84803027116
1.84807112739
1.84836845496
1.84840875914
1.84871237192
1.84875349656
1.84906002868
1.84907924541
1.84940902462
1.84944272607
1.84975041021
1.8497912367
1.85009831093
1.85014034704
1.85044566568
1.85079571435
1.85113809969
1.85148808139
1.8517498788
1.85198572969
1.85234060353
1.85268986654
1.85273108186
1.85303983583
1.85336499101
1.85339291823
1.85372003752
1.85374908608
1.85407239544
1.85442717827
1.85477855421
1.85511234138
1.85544749432
1.85547555704
1.85579210537
1.85582011078
1.85614524133
1.85650320896
1.8568631916
1.85689247389
1.8572171703
1.85757509254
1.85793151968
1.85828805099
1.85863510141
1.85898251872
1.85932985781
1.85968005614
1.86003279006
1.86038322248
1.86070593392
1.86104454423
1.8613836284
1.86170456533
1.8620451439
1.86238621021
1.86273083343
1.86304608862
1.86334893939
1.86367767914
1.86371990892
1.8640351398
1.86438410193
1.86474695304
1.86478827953
1.86510782658
1.86546200602
1.86550606643
1.8658107649
1.86616216009
1.86651484619
1.86655783474
1.86687063277
1.86722758212
1.86757337493
1.86792393352
1.8682491397
1.86855679892
1.868924622
1.86927835521
1.86931857123
1.86963966286
1.86999647024
1.87003844834
1.87034588594
1.87070947246
1.87107783886
1.87143849991
1.87180350967
1.87215592855
1.87251368095
1.87288078259
1.87292343664
1.87323450476
1.87358290319
1.87391455407
1.87395216151
1.87425957039
1.87429743785
1.87461390223
1.87496190596
1.87500824074
1.87532487665
1.87569074296
1.87603846272
1.87638248585
1.87642066817
1.8766985044
1.87704677866
1.87739442789
1.8777429305
1.87809251829
1.87813400178
1.87844826097
1.87878577227
1.87912315241
1.87947121021
1.87975521769
1.88012143131
1.88047284563
1.88082342209
1.88086458616
1.8811780714
1.88153489598
1.88189276693
1.88225330127
1.88261102654
1.88265215838
1.88297703664
1.88301949059
1.88331860718
1.88366998879
1.88371285751
1.88402750536
1.8843822987
1.88473603521
1.88508711726
1.88513067159
1.88545328375
1.88580763543
1.88585275884
1.88615349018
1.88618906227
1.8864821467
1.88682254607
1.88715436213
1.88750999085
1.88753974252
1.88784207309
1.88819357116
1.88853800779
1.88857788428
1.88868928982
1.88906371235
1.88933797834
1.88966466926
1.89003485375
1.89038374351
1.89072274825
1.89105666878
1.89109675444
1.89140933026
1.89176730772
1.89180948485
1.89211100431
1.8924759881
1.89283572216
1.89287739409
1.89318722393
1.89354951916
1.89359335186
1.89390703653
1.89426570896
1.89462810454
1.89469079076
1.89503252324
1.8953938488
1.89543656334
1.89575641163
1.89579888124
1.89611932624
1.89648725633
1.8965335132
1.89685122335
1.89722101166
1.89758689538
1.89794939355
1.89830422943
1.8983501375
1.89867174975
1.8990372893
1.89939724599
1.89975186998
1.90011391917
1.90016014934
1.9004753264
1.90083530948
1.90120161951
1.90156792635
1.90190973571
1.90226507229
1.90230518533
1.90261644407
1.90265820477
1.9029757534
1.90334037347
1.90366906129
1.90401823228
1.90437852538
1.90441922701
1.90472883997
1.9050809302
1.90526437597
1.90548977277
1.90585914873
1.90590670559
1.90622271201
1.90659372807
1.90692274252
1.90728445586
1.90763810154
1.90799661364
1.90835821279
1.908401272
1.90871604657
1.90906380135
1.90910148677
1.90940392571
1.9097608031
1.90980391717
1.91011179154
1.91046744743
1.91082941648
1.91120351205
1.91155642448
1.91190427821
1.91225659945
1.91259038738
1.91287706849
1.91315693231
1.91348893411
1.91383143237
1.91387490232
1.91418874918
1.91454697454
1.91458200545
1.91488740072
1.91520215213
1.91552868839
1.91585037138
1.91615928107
1.91645468853
1.91674891292
1.9170940482
1.91746093289
1.91782518567
1.91818115784
1.91850871725
1.91885798424
1.91919257152
1.91953225331
1.91988166752
1.92023050196
1.92058198349
1.92091767851
1.92121979244
1.92156859692
1.92191513149
1.92227059883
1.92262176777
1.92297617341
1.92332857917
1.92366874172
1.92402059672
1.92436162604
1.9247037797
1.92504346358
1.92535547734
1.9256746959
1.92599948951
1.92633342024
1.92664837863
1.92694372355
1.92725403246
1.92759330171
1.92787726777
1.92819222401
1.92851325827
1.92883938711
1.92917099481
1.92953090279
1.92987948079
1.93022307285
1.93054653237
1.93090680931
1.9312665056
1.9316177817
1.93196111332
1.93231009222
1.93265876283
1.93300845405
1.93336350962
1.93373738792
1.93408738392
1.93443801073
1.93478618181
1.93493471826
1.93527436634
1.93560131444
1.93596270686
1.93630788157
1.93668787375
1.93705144931
1.9374130263
1.93770628284
1.93809587267
1.93846446897
1.93879562019
1.93914760749
1.93952773767
1.93991041194
1.94029480331
1.94066037947
1.94096197527
1.94133265333
1.94171096986
1.94206419801
1.94242557704
1.94279917688
1.94316433225
1.9435016031
1.94385086527
1.9441386102
1.94449001691
1.94482485647
1.945166886
1.94552875245
1.94589897694
1.94625439988
1.94661030962
1.94693883256
1.94727228312
1.9476402877
1.94800483161
1.94838085321
1.9487658915
1.94912357728
1.94947098849
1.94979955406
1.95006604138
1.95032888416
1.95052275771
1.95075293038
1.95096331202
1.95117420131
1.95140743278
1.9516376853
1.95184711161
1.95204385079
1.95240786838
1.95279005503
1.95315586393
1.95352304034
1.95388182125
1.95425413856
1.95462256603
1.95498485656
1.95535762227
1.95572594998
1.95609823353
1.95646930493
1.95682809488
1.95719634399
1.95756419311
1.95793556098
1.95829076755
1.95865236209
1.95901658372
1.9593735612
1.95973669713
1.96010471018
1.96046190064
1.96082382952
1.96117154731
1.96154088091
1.96158308935
1.96189498595
1.96219377754
1.9625453799
1.96291631646
1.96328708593
1.96354736531
1.96391260181
1.96424361677
1.96460952611
1.96496103361
1.96500371226
1.96531332888
1.96567131895
1.96601262324
1.96605565111
1.96621995509
1.9664180781
1.96676828084
1.9668125369
1.96710645527
1.96735043002
1.96763509918
1.96767619208
1.96797530667
1.96801574819
1.96828533579
1.968450599
1.96870442573
1.9690664724
1.96910884365
1.96943097764
1.96977802645
1.97014028607
1.97018315188
1.97051178628
1.9708763391
1.97123954411
1.97160119996
1.97196858715
1.97201056885
1.97232924703
1.97269822288
1.97274377929
1.97306423703
1.9734356296
1.97347623516
1.97378379435
1.97414056171
1.97450566772
1.97485553313
1.97520936162
1.97522686406
1.97549775237
1.97586164236
1.97621816307
1.97658633274
1.97663025897
1.97694439663
1.97730816554
1.97767674584
1.97772215223
1.97804823145
1.97842800826
1.97847650812
1.97881340529
1.97885862282
1.97918446193
1.9795535526
1.97992767697
1.98029436041
1.98066834523
1.98071370999
1.9810461249
1.9814266904
1.98180528306
1.98217539996
1.98222246165
1.982536131
1.9829001932
1.9829422943
1.98326957045
1.98364285468
1.98368702237
1.98400811472
1.98438369104
1.98474738595
1.98511015954
1.98546784256
1.98583762551
1.98588085999
1.98620505698
1.98655929508
1.98692958826
1.98729341678
1.98766175805
1.98802359543
1.98834872689
1.98862075957
1.98898686789
1.98902748435
1.98935157548
1.98971488816
1.99008352042
1.99044891401
1.99079673068
1.99114087863
1.99148165485
1.99180841056
1.99214706523
1.99218546277
1.9924729219
1.99279959582
1.99302029022
1.99330127075
1.99346105324
1.99363841929
1.99368300277
1.99372683006
1.99404884352
1.99409134117
1.99441769065
1.99477563414
1.99481975648
1.99513889576
1.99552266124
1.9959051464
1.99622975799
1.99627015689
1.99658564199
1.99695082488
1.997146621
1.99731354387
1.99743830654
1.99774978407
1.99806790837
1.99837912111
1.99841711892
1.99868702986
1.99872213265
1.99899413528
1.99930225566
1.99934023249
1.99961568197
1.99992927286
2.00024436628
2.0005557268
2.00059189415
2.00086963138
2.00118252869
2.0012205296
2.00149498508
2.00153262112
2.00180245145
2.00211712528
2.00215318371
2.00242122478
2.00273494906
2.0030482401
2.0030842397
2.00336077767
2.00364896267
2.00395348999
2.00424988864
2.00428826971
2.00460247246
2.00496118714
2.0050009141
2.00526071075
2.00556735732
2.00560590233
2.00591539165
2.00625771673
2.00629864796
2.00660310309
2.00664348094
2.0068496283
2.00713125502
2.00747724687
2.00778416365
2.00781257799
2.00802323895
2.00825559147
2.00849220769
2.00874508475
2.00876506262
2.00903360092
2.00932628663
2.00962703853
2.00964970893
2.00987320016
2.0098907226
2.010143849
2.01042319725
2.01044572928
2.01062976448
2.01094875571
2.01126835298
2.01129215145
2.01158334996
2.01190030581
2.01192621393
2.01221710527
2.01253870447
2.01285734042
2.01318053169
2.0135001399
2.01382022833
2.01414064611
2.01416602047
2.01445345599
2.01447888813
2.01477309958
2.01479926878
2.01507415495
2.01509636565
2.01531421198
2.01564951513
2.01596031399
2.01598537179
2.0162037434
2.01651393292
2.01653681123
2.01675698787
2.01699643178
2.01723774999
2.01747758124
2.01749709915
2.0177180095
2.01795951673
2.01797736061
2.01819727838
2.01843445756
2.01867193177
2.01890876151
2.01892764058
2.01914615277
2.01938597466
2.01942099597
2.01960185429
2.01962099327
2.01983627464
2.02007501644
2.02009356155
2.02034242346
2.02061173437
2.02087921614
2.02114898222
2.021170516
2.02148884268
2.02178406435
2.02211821698
2.02246690053
2.02280746366
2.02283420727
2.0232572976
2.02328864043
2.02367543479
2.02408910791
2.02412114298
2.02439342134
2.02480946543
2.02485706999
2.0250890442
2.02551048498
2.02556113081
2.02594067433
2.02598845689
2.0263430617
2.02638966584
2.02675984825
2.02717724731
2.02754505224
2.027958761
2.0283643446
2.02877431971
2.02918066912
2.02958922011
2.03000654041
2.03042417337
2.03084771503
2.03089583157
2.03110292346
2.03134201887
2.03158728933
2.03182779733
2.03206778641
2.03230967075
2.03255274503
2.03280040396
2.03304354273
2.03328429304
2.03351964098
2.03375945409
2.03378650627
2.03399715308
2.03423976508
2.03448419274
2.03472944442
2.03497336466
2.03500111768
2.03521251254
2.03545382513
2.03548566688
2.03558268473
2.03561273733
2.03582460855
2.03607101826
2.03633564003
2.03667116204
2.03700054201
2.03704113669
2.03732656998
2.03736837344
2.03765613614
2.03798661174
2.03802421144
2.03821315562
2.03856847967
2.03860617039
2.03889883254
2.03922137063
2.03954246023
2.03985408576
2.04013708252
2.04046249594
2.04078712334
2.04111947916
2.04115783941
2.04144501503
2.04148195959
2.04176885234
2.04180538331
2.04209414536
2.04242052979
2.04274624334
2.04278627979
2.0430748591
2.04340235177
2.04344235891
2.04364993596
2.04389191726
2.04418241158
2.04442442974
2.0444506356
2.04460274786
2.04463024378
2.0448517168
2.04509739035
2.04512861316
2.04534540911
2.04550183994
2.04569701215
2.04594755228
2.0461963955
2.04622489218
2.04643855834
2.04672252164
2.04697165899
2.04721701733
2.04746201039
2.04770650575
2.04795323981
2.04798129104
2.04819792181
2.04843859094
2.04868498446
2.04892563476
2.04895711744
2.04916782551
2.04919781202
2.04941517152
2.04965928183
2.04990854092
2.05015330144
2.0504006098
2.05043054421
2.0506453735
2.05088873441
2.05091650905
2.05113420553
2.0513778749
2.05162112725
2.05186679875
2.05211201305
2.052139769
2.05235707004
2.05260453117
2.05284675758
2.05309435785
2.05312362945
2.05334029092
2.05358811767
2.05362027987
2.05363686334
2.05390668737
2.05394241629
2.05418000497
2.05448733879
2.0545105221
2.05477140622
2.0550449557
2.05529030439
2.05552761846
2.05554647942
2.05576393889
2.05600810111
2.05625200802
2.0564982517
2.05651821808
2.05680238376
2.05711319122
2.05713730224
2.05742062868
2.05773174418
2.05803688319
2.05806140853
2.05834914523
2.05866239306
2.05897171752
2.05928321447
2.05930565527
2.05959113968
2.05989605184
2.06020879582
2.06052132189
2.06082892614
2.06114186925
2.0614457585
2.06146714667
2.06158358725
2.0618996927
2.06220992191
2.0625324936
2.06285090664
2.06317261719
2.06319823759
2.06348440428
2.06379769236
2.0641110519
2.06413483552
2.0644182606
2.06472438736
2.06474815832
2.06477684094
2.06500028086
2.06502123072
2.06524137022
2.06548327409
2.06550122224
2.06572870649
2.06597131094
2.06621267664
2.06651850669
2.06655593455
2.06669444245
2.06673338418
2.06676956831
2.06704949231
2.06708717814
2.06735587564
2.06766301082
2.06769795567
2.06796711176
2.06827179
2.06857496612
2.06887101646
2.06890916676
2.06917376513
2.06948538434
2.06952135268
2.06979034508
2.07009325163
2.07041704463
2.07073920863
2.0710652624
2.07110178991
2.07138475467
2.07142155243
2.07170329205
2.07202226118
2.07206006443
2.07231681371
2.07259372769
2.07287039725
2.07314923724
2.07347195898
2.07379850067
2.07411574021
2.07442949768
2.07474494927
2.07506097065
2.07509815537
2.07538147715
2.07570272165
2.07598728348
2.07602645085
2.07629825065
2.07662379646
2.07670447707
2.07683150116
2.07686546751
2.07713114687
2.07743342566
2.07772918137
2.07776267569
2.07799357508
2.07802378795
2.07825497535
2.0785187889
2.07878488519
2.07905524401
2.07932120709
2.07958983905
2.07985990081
2.08013344576
2.08019011137
2.08042545313
2.0804575789
2.08069490167
2.08096361867
2.08099789339
2.0812326575
2.08149590384
2.08176401487
2.08203567479
2.08206695903
2.08230419214
2.08256842156
2.08260157083
2.08283704146
2.08310010919
2.083367254
2.08339968682
2.0836377142
2.08391078212
2.08417664488
2.08441315144
2.0846813818
2.08495140904
2.08498340807
2.08522050375
2.08525390758
2.08548842882
2.08575892792
2.08602938219
2.08606168935
2.08612830967
2.08643260485
2.0867420496
2.08704987877
2.08735850629
2.08766866516
2.08797366087
2.08828381065
2.08859172319
2.08889614743
2.08920509227
2.08950942555
2.08981890094
2.0901211194
2.09043485092
2.09074813426
2.09106369758
2.09141261244
2.09159741341
2.09189041531
2.09218763937
2.09249178713
2.09279466016
2.09309517791
2.09312085024
2.09331687333
2.09334472862
2.09347675531
2.09377163235
2.09392722862
2.09396142047
2.09410584606
2.09441296318
2.09471892621
2.09501165253
2.09532008949
2.09563371136
2.09594426679
2.09625610748
2.09656704373
2.09687789045
2.09719162646
2.09750739906
2.09768474332
2.09796321346
2.09821799551
2.09841069338
2.09857613794
2.09890387434
2.09922975948
2.09955738838
2.09987519952
2.10019619598
2.10051748634
2.10083927492
2.10115735927
2.10147274823
2.10179187803
2.1021101387
2.10243534661
2.10275883851
2.10309028321
2.10339851872
2.10370865223
2.10396156551
2.10412063067
2.10444364078
2.10475058532
2.10506700795
2.10538742808
2.10571112458
2.1060357029
2.10636119573
2.10668244131
2.10700561776
2.10732828101
2.10764849503
2.10795975373
2.10827490737
2.10858891829
2.10890361522
2.10922446693
2.1095438502
2.10986673076
2.11019097463
2.1105081363
2.11083342285
2.11114982071
2.11147751799
2.11179481045
2.11212073569
2.11243162905
2.11275187857
2.11307355127
2.11339644118
2.11371462525
2.11403867913
2.11435746586
2.11467762096
2.11499739457
2.11532187676
2.11564179671
2.11568136049
2.1158583034
2.1160067008
2.11635244117
2.11670689451
2.11705944623
2.11741259902
2.1177610342
2.11811204337
2.11846427871
2.11882082531
2.11917512952
2.11953160407
2.11987463815
2.12022313334
2.12056771662
2.12090710275
2.12125333301
2.1215957642
2.12194003777
2.12229265485
2.12265098805
2.12300960721
2.12303896467
2.1232363095
2.12358408051
2.12393965119
2.12429014885
2.12464689489
2.12499971203
2.12534655146
2.12569761744
2.12599244342
2.12629331417
2.12663225511
2.12698093751
2.12732969009
2.12768328069
2.12803673258
2.12839055634
2.12874506436
2.1290993152
2.12945527311
2.12980904105
2.13015339164
2.13050366324
2.1308556843
2.13120338438
2.1315574012
2.13190181992
2.13224830753
2.13259692765
2.13289362169
2.13323814893
2.13357671661
2.13391936553
2.13425994262
2.13460486493
2.13495308921
2.13530279003
2.13564978343
2.1359968521
2.13634463588
2.13669739194
2.13704840025
2.13740140266
2.13775023377
2.13809993062
2.13844978141
2.13879814837
2.13913936554
2.1394868709
2.1398346068
2.14019034939
2.14054251186
2.14089871446
2.14125383493
2.14160361838
2.14195155431
2.14230401941
2.14265198859
