2.72
2.72026270338
2.72047469361
2.72098667736
2.72153282748
2.72207809302
2.72261809342
2.72314388759
2.72367069153
2.72421564232
2.72477102946
2.7253251964
2.72587932652
2.72638447619
2.72691258059
2.72742838594
2.72791265091
2.7284324578
2.72892495707
2.72944235061
2.72998678428
2.73055484871
2.73111887226
2.73115668731
2.73144785895
2.73197017722
2.73252586749
2.73305190761
2.73361289626
2.73414710542
2.73465829337
2.73518431808
2.73563141838
2.7360820099
2.73656520272
2.73708623843
2.73761663668
2.7381616255
2.73871448193
2.73926050259
2.73981902531
2.74036727725
2.74093185972
2.74147837365
2.74198962665
2.74252483978
2.74307700485
2.74359858269
2.7441580289
2.74466428999
2.74518831058
2.74571534665
2.74614204977
2.74665276294
2.74714302705
2.7476389426
2.74814995685
2.74866011617
2.74918060149
2.74969760322
2.75020883042
2.75071528145
2.75123480481
2.751766903
2.75230190515
2.75283553621
2.75336431931
2.75388737581
2.75441995446
2.75494129294
2.75543878424
2.75595543016
2.75647929021
2.75703716191
2.75758417873
2.75813998319
2.75870405073
2.75923042393
2.75975534359
2.76029455245
2.7608178073
2.76087610353
2.76132256076
2.76187210167
2.76240506669
2.76279000014
2.7628487025
2.76328621581
2.76382599264
2.7638976985
2.7643642495
2.76485064195
2.76535926668
2.76589085418
2.76641789702
2.7669808277
2.76751875347
2.76803865654
2.76854614912
2.76904309332
2.76955056568
2.77006441506
2.77056185573
2.77112945277
2.77164490575
2.77213804679
2.77264885354
2.77273317834
2.77285987374
2.77339471817
2.7738759065
2.77393481414
2.77438920832
2.77492709358
2.77554574206
2.77616613021
2.77668281414
2.77720916205
2.77769336762
2.77817576189
2.77868457556
2.7787422366
2.77919135536
2.7796896195
2.78023245599
2.78078474585
2.78084372529
2.78129769229
2.78182838527
2.78189676597
2.78234378385
2.7828750438
2.78293945306
2.78340005683
2.78393034212
2.78448170681
2.78453882765
2.78498814004
2.78550503087
2.78556614119
2.78601283342
2.78607301141
2.78651063484
2.78701450175
2.78753377136
2.78806997149
2.78860008525
2.78912466068
2.78960846637
2.79010307386
2.79060454509
2.79066725977
2.79110805247
2.79159758998
2.7920000439
2.79218919447
2.79266766805
2.79272567695
2.79316991437
2.79367042081
2.7941945134
2.79472554021
2.79528382914
2.7958164761
2.79632077413
2.79686254554
2.79740765262
2.7979238008
2.79844486925
2.79850076037
2.79896451852
2.79946771808
2.79997170138
2.80051881804
2.8010440809
2.80155398531
2.80206498925
2.80253222508
2.80259330996
2.8030269663
2.80354238944
2.80404539397
2.80455474232
2.80462343512
2.80504857835
2.80554394584
2.80601893146
2.80648890509
2.80694368874
2.80700208614
2.80751096928
2.80808910242
2.80860285284
2.80909045013
2.80955430499
2.80967362091
2.80984064567
2.81034233495
2.81085732241
2.81092573671
2.81137818878
2.81189762568
2.81195370925
2.81241565184
2.81292307766
2.81344216338
2.81349875921
2.81398000765
2.81403714531
2.81450427228
2.81457193856
2.81503399461
2.81554732989
2.81608093375
2.81656749204
2.81707647742
2.81759976735
2.81766599218
2.81812216985
2.81818453211
2.8186588732
2.81872924281
2.81920448355
2.81927097677
2.81971463494
2.82019809315
2.82025386793
2.82072287533
2.82078088764
2.82122087578
2.82128725322
2.82173415912
2.82179671333
2.82222527703
2.82228304561
2.8227325359
2.82279490097
2.82324820522
2.82326795913
2.82374541287
2.82378938846
2.82424555673
2.82430335561
2.8247571669
2.82482476675
2.8252865536
2.82580647489
2.82629565619
2.82681963436
2.82716245528
2.82751944765
2.8280725156
2.82859632471
2.82866022705
2.82911307206
2.82956599884
2.82960676088
2.83011797572
2.8301643839
2.83066121669
2.83120813619
2.83174776061
2.83223993923
2.83271650742
2.83275810197
2.83322471778
2.83326667952
2.83376736583
2.83432626763
2.8349037425
2.83495096905
2.83546121912
2.836012595
2.83657539637
2.83712664816
2.83764142143
2.8381470137
2.83866498711
2.83919026382
2.83973564961
2.8402543885
2.84068575927
2.8411485282
2.84162034053
2.84201569075
2.84250097519
2.84298213089
2.84348338653
2.84397037744
2.84441986571
2.84488727458
2.84494909504
2.8454451916
2.84601219075
2.84659182732
2.84665788101
2.84716950583
2.84770952101
2.84777854941
2.84822543558
2.84874592664
2.84928809449
2.84935382751
2.84984603737
2.85039270558
2.85089347791
2.85141756315
2.85190056121
2.85233593245
2.85293195404
2.85345678333
2.85351705843
2.85403174398
2.85458524904
2.85464438111
2.85510103537
2.85567345959
2.85626691869
2.85682490492
2.85742169984
2.85795389721
2.85852333925
2.85911730592
2.85918731182
2.85966020759
2.86017047192
2.86064579226
2.86068938672
2.86114258915
2.86119075935
2.86169248221
2.86220048017
2.86227505723
2.86277090266
2.86335642136
2.86386890648
2.86435888708
2.86441196908
2.86480752608
2.86533140743
2.86583622294
2.86635267965
2.86686041152
2.86692455094
2.8674185451
2.86789248479
2.86835461457
2.86887192283
2.86931340179
2.86990021962
2.870439151
2.87096595394
2.87102846922
2.87150976592
2.8720644986
2.87261522049
2.87318959882
2.87374010015
2.87380452477
2.87433871765
2.87440602444
2.87485226254
2.87536840104
2.87543212169
2.87592428711
2.87645479355
2.87701046322
2.87752983747
2.87759980471
2.87812181724
2.87865837501
2.87872761341
2.87917147402
2.87922246355
2.87969325871
2.88021063846
2.88069992681
2.88124730505
2.88128484517
2.88172057586
2.88225416411
2.8827485139
2.88280657844
2.88296976601
2.88359567231
2.88401889026
2.88457463919
2.88518144524
2.88570773131
2.88621101225
2.88669377016
2.88674809276
2.88723363008
2.88778637795
2.88785447291
2.88829846786
2.88888495359
2.88945259944
2.88951861646
2.88999327402
2.89057924138
2.89064885741
2.89114479943
2.89170708497
2.89229937912
2.89239057387
2.89289016412
2.89347296325
2.89354516164
2.89406500874
2.89413076491
2.89465244866
2.89526823414
2.89534875324
2.89587139623
2.89648589235
2.89708842083
2.8976752008
2.89822650242
2.89830293863
2.89882849235
2.89942083608
2.89999066685
2.90052884745
2.90111329228
2.90119085477
2.90168686622
2.90225060622
2.90285189863
2.90344971512
2.90397807994
2.90451760169
2.90457678143
2.90504815664
2.90511461562
2.90561951288
2.90621304922
2.90671365868
2.90725795576
2.90783155333
2.9078963887
2.90838600641
2.90892675852
2.90921240228
2.90955141204
2.9101582344
2.91024016662
2.9107548314
2.91136181821
2.91186388753
2.91244344731
2.91298943527
2.91354636185
2.91412680079
2.91419184949
2.91468510641
2.91521862086
2.91527887425
2.91571332547
2.91626549367
2.91633188515
2.91679452549
2.91734404685
2.91792351274
2.91855272916
2.91909383321
2.91961130889
2.92014402859
2.92060255329
2.9209224514
2.92115945298
2.92159274585
2.92209332043
2.92215973267
2.92264747654
2.9232005322
2.92324914657
2.92369429362
2.92412539664
2.92458617431
2.92502013883
2.92535796157
2.92564556339
2.92592430869
2.92643128299
2.92701671809
2.92759180952
2.92813010209
2.92858159736
2.9290782572
2.92953166219
2.93002583813
2.93056355176
2.93108988603
2.93161626321
2.93211730945
2.9325288189
2.93303381824
2.93354464435
2.93409415018
2.93464025513
2.93517882272
2.93570894454
2.93618140485
2.93671456805
2.93718440779
2.93766727261
2.93813879718
2.93849447747
2.93892780523
2.93934669746
2.93979705239
2.94017382732
2.94054263511
2.94095030022
2.9414327673
2.94182467141
2.94226364867
2.94272649537
2.9431843154
2.94366294349
2.94420863922
2.94471046421
2.94521305871
2.94567081164
2.94622439054
2.94678319695
2.94732343881
2.94782656404
2.94835035856
2.94886940189
2.94938853553
2.94992884748
2.95054510701
2.9510749676
2.95160537426
2.95213565747
2.95235628865
2.95286235706
2.95333173216
2.95389304477
2.95442565223
2.95506336178
2.95563117838
2.95618785605
2.95661166668
2.95728244243
2.95788550328
2.95837333988
2.95888791886
2.95950310791
2.96014874287
2.96080359619
2.96136709599
2.96180421768
2.9624041206
2.96301281177
2.9635468207
2.96410260029
2.96470785739
2.96528477244
2.96580645935
2.96633076209
2.96674719947
2.96728734296
2.96779287949
2.96831741042
2.96889123831
2.96947828824
2.97002495014
2.97058145947
2.97108104214
2.97158518984
2.97218462959
2.97275580526
2.97338214579
2.97402579722
2.97457148094
2.9750808917
2.97549324802
2.97579063607
2.97605533319
2.97621049178
2.97645291913
2.97667829401
2.97690278192
2.97718993976
2.97745872311
2.97771956881
2.97802961054
2.97862542201
2.97927265606
2.97988732901
2.98047446893
2.98103639955
2.98165366808
2.98226107543
2.98284151724
2.98346761643
2.9840608528
2.98469382554
2.98530171517
2.98585898258
2.98645144153
2.98705334098
2.98766616515
2.98821948598
2.98879302936
2.9893843016
2.98994188146
2.99053721205
2.99113230592
2.99168869637
2.99226224752
2.99279805916
2.99340669825
2.99347243274
2.99397810858
2.99440420425
2.99496590926
2.99558516585
2.99620475618
2.99656955261
2.99715584206
2.99766052428
2.99827338264
2.99881715716
2.99888334369
2.99936358132
2.99991368188
3.00042639426
3.00049080534
3.00073982195
3.00103451699
3.00156983164
3.0016420947
3.00208281248
3.00238931401
3.00275997028
3.00281679653
3.00325079477
3.00330508764
3.00360684864
3.00376163384
3.00414250954
3.00472176565
3.00479013542
3.00530837695
3.00585635388
3.00642731649
3.00649772371
3.00705512538
3.00764811052
3.00823025812
3.00880863765
3.00941467908
3.00948256111
3.00998866138
3.01059912957
3.01067715814
3.01119975699
3.01182500516
3.01188641248
3.01235644975
3.0129210791
3.01352028813
3.01405383812
3.01461360302
3.01463346675
3.01507690651
3.01567885598
3.01624859975
3.01684884878
3.01692245792
3.0174232414
3.01801686243
3.01861666102
3.01869433327
3.01923664929
3.01985546227
3.01993638246
3.0205114353
3.02058745443
3.02111086241
3.02171672068
3.02232766366
3.02292875092
3.02353950506
3.02361796424
3.02416340616
3.024805497
3.02543994249
3.02604118348
3.02612188855
3.02661008338
3.02718027064
3.02724840444
3.0277842338
3.02839621805
3.02846225596
3.02897561527
3.02960352193
3.03018760522
3.03077001216
3.03133598507
3.03191850136
3.03198834823
3.03252903097
3.03308168857
3.03367867992
3.03425628965
3.03485848538
3.03542632222
3.03591502157
3.0363310092
3.03691618654
3.03698068773
3.03750290859
3.0381019156
3.03870941872
3.03930022047
3.03984889951
3.04038365732
3.04087019969
3.04131967926
3.04180493686
3.04185774797
3.04224299968
3.0426810448
3.04290063726
3.04324326924
3.04339223026
3.04352291861
3.04359164754
3.04366523484
3.04418990213
3.04425913657
3.04480562676
3.04539783358
3.04547125069
3.04598926215
3.04663626906
3.04725849379
3.04781111895
3.04787454354
3.0483854118
3.04898926388
3.0493005286
3.04945099588
3.04958402694
3.04993555825
3.05030084532
3.05065630667
3.05070238967
3.05100327889
3.05104174021
3.05134814833
3.05169702004
3.05173981843
3.05205898963
3.05242319
3.05279443279
3.05315698162
3.05319987115
3.05352707176
3.05388759316
3.0539311518
3.05425206617
3.054294725
3.0546036306
3.05496692128
3.05500700512
3.05531790804
3.05568952766
3.05605724964
3.05609724921
3.05641680957
3.0567187538
3.05706627977
3.05740905533
3.05745335015
3.05795552897
3.05852576769
3.05858444819
3.05895444647
3.05941324969
3.0594704164
3.05994720271
3.06045265738
3.06051704979
3.06097564168
3.06103876111
3.06129464606
3.06168163624
3.0621936836
3.06262898755
3.06266445321
3.06293938059
3.06321954106
3.06351800816
3.06384218895
3.06386948307
3.06423770288
3.06464305917
3.06507935368
3.06511512142
3.06540301583
3.06542524989
3.06577117139
3.0661684012
3.06619886618
3.06646357622
3.06693725608
3.06741389062
3.06745044847
3.06788056376
3.06834148304
3.06838008734
3.06880225091
3.06927722215
3.06974520079
3.0702268881
3.07069609308
3.0711700738
3.07165172401
3.07168937316
3.07210709608
3.07214415326
3.07258034364
3.07261773036
3.07301800466
3.07304877452
3.07332501696
3.07383077989
3.07429054182
3.07432660005
3.07460775021
3.07505567499
3.07508841525
3.07537105812
3.07567975309
3.07599143703
3.07630241765
3.07632827237
3.07661638907
3.07692756679
3.07695079597
3.07723424315
3.07753611647
3.07783575872
3.07813736407
3.07816051402
3.07843679016
3.07874372487
3.0787844803
3.07900921273
3.07903301694
3.07929989745
3.07960351828
3.07962757282
3.07996879714
3.08033933065
3.08069749535
3.08107091541
3.08110015754
3.08153309666
3.08195645095
3.08245067356
3.08297686688
3.08350432764
3.08354303852
3.08423048425
3.08428488466
3.0849271095
3.08560248689
3.08565205843
3.08608448288
3.08676632893
3.08684257589
3.08723285789
3.08793509974
3.08802574961
3.08866958932
3.08874997353
3.08932737363
3.08940222138
3.09003237741
3.09074311755
3.09136086192
3.09203715094
3.09268124051
3.09335766355
3.0940211357
3.09467729519
3.0953565994
3.096055016
3.09677428818
3.09685482015
3.09711225013
3.09741695516
3.09774431351
3.09805693074
3.09836372307
3.09867801765
3.09900178103
3.09933755992
3.09965881627
3.09996700452
3.10026313479
3.10057398149
3.10060744043
3.10088065692
3.10120268356
3.10152327508
3.10185672852
3.10217771593
3.10221342121
3.10248625263
3.10279990868
3.10283429526
3.10295950438
3.10300051232
3.10328338171
3.10361626436
3.10397652933
3.1045035879
3.10501603559
3.10507971358
3.10551256551
3.10558180901
3.10603537625
3.10655813068
3.10661566596
3.10689897813
3.10747502187
3.1075341689
3.10801837739
3.10851327228
3.10899678183
3.10945759115
3.10988420418
3.11037884089
3.11088150754
3.11141290472
3.11147470256
3.11192298024
3.11197820735
3.11242844918
3.11248214625
3.11293839236
3.11345258678
3.11395669119
3.11402736605
3.11448445202
3.11500497735
3.11506889177
3.11532881896
3.11564922231
3.1160839373
3.11640253583
3.11643469314
3.11663431294
3.11666961012
3.11697597686
3.1173031811
3.11734799893
3.11764089227
3.11784569278
3.11809039884
3.11843812323
3.11877346583
3.11880965985
3.1190903054
3.11949888986
3.11983741575
3.120167302
3.12049160537
3.12081778899
3.12114827714
3.12118512728
3.12147828112
3.12178906888
3.12211939389
3.12243249159
3.12247665278
3.12275698219
3.12279815146
3.12309382232
3.1234114726
3.12375600598
3.12407697967
3.12441583044
3.12445565912
3.12473789127
3.12504965262
3.12508534933
3.12538426953
3.12570991783
3.12603377801
3.12636988303
3.12669911991
3.12673460066
3.12702760585
3.12735908398
3.12766664872
3.12800677766
3.12804908216
3.12834236801
3.12868573518
3.12873144494
3.12874888236
3.12914396906
3.1291957045
3.12954861775
3.12999053741
3.13002333002
3.13040147342
3.13079175255
3.13110541383
3.13141081505
3.13143458008
3.13170523115
3.1320268238
3.13235004818
3.13268220861
3.13271042653
3.13312612041
3.13359924048
3.13363379652
3.13405670603
3.13452739869
3.1349729806
3.13500832986
3.13545269045
3.13593437749
3.13640315583
3.13686956381
3.13690207797
3.13733500943
3.13778500025
3.13826448757
3.13874984234
3.13920878124
3.1396946838
3.14013350549
3.14016235166
3.14033734701
3.14081861428
3.14128286345
3.1418017754
3.14230805224
3.14282597892
3.14287136047
3.14331012833
3.14380096645
3.14428379727
3.14432357567
3.14475017769
3.14520700828
3.14523952226
3.14527074335
3.14556708807
3.14559598017
3.14588100062
3.14619632543
3.14622071346
3.14652952168
3.14684831475
3.14716272519
3.14762413441
3.14767894332
3.14786665659
3.14791632216
3.14796537609
3.14840507905
3.14846019185
3.14886326712
3.14931190207
3.14936150634
3.14975991263
3.15020800477
3.1506444183
3.15106158973
3.15111768038
3.15150093656
3.15197101381
3.1520229304
3.15241811504
3.15284920928
3.15333528535
3.15382160097
3.1543146314
3.15436675787
3.15478512636
3.15483815899
3.15525210183
3.1557327111
3.15578942936
3.15616013752
3.15655785872
3.15694810302
3.15736238587
3.15784889653
3.15835237747
3.15883475781
3.15929601227
3.15976845379
3.16023693009
3.16029499512
3.16072485468
3.16121383344
3.16165420294
3.16171170938
3.16210476299
3.1626041193
3.16271927463
3.16288072695
3.16292561976
3.16331238614
3.16375339505
3.16416461334
3.16420947594
3.16452295608
3.16456300139
3.16487269328
3.16522882936
3.16558947561
3.16596408319
3.16632373195
3.1666880473
3.16706260834
3.16744946656
3.16752709655
3.16785902029
3.16790379197
3.16823309456
3.16860157275
3.16864945614
3.16897403402
3.16932676862
3.16970512296
3.17007954755
3.17012279829
3.17044613041
3.17079559644
3.17084146108
3.17116667712
3.17152594154
3.17189356033
3.17193746641
3.17227022172
3.17264830246
3.17300847826
3.17333848191
3.17370493447
3.17408129265
3.17412210769
3.17444983099
3.17449634821
3.17481361318
3.17518607973
3.17556508411
3.17560752186
3.17570738329
3.17615668541
3.17662576783
3.17709330892
3.17756792066
3.17805416571
3.17850934965
3.17899042459
3.17945352973
3.17990789598
3.18037589127
3.18082993311
3.18129979244
3.18175966917
3.18224234996
3.18273633265
3.18322579439
3.18370384404
3.18382117541
3.18421885372
3.18463064348
3.18507742711
3.18551402504
3.1859594808
3.18600002121
3.18615296714
3.18619002556
3.18638770568
3.18680496378
3.18709675796
3.18717084013
3.18739765271
3.18785502804
3.18831043672
3.18870649258
3.18917378426
3.189654714
3.19012978032
3.19061986444
3.19111578477
3.19159480771
3.19208786572
3.19259069599
3.19277042845
3.19298062402
3.19317695785
3.19343770244
3.19366459243
3.19418048284
3.19471761123
3.19526957611
3.19577225452
3.19627956363
3.19678588437
3.19730713705
3.19781654413
3.19830397901
3.19881056467
3.19931310801
3.1998557557
3.2003755117
3.20094009892
3.20141647141
3.20190132488
3.20228045278
3.20249797287
3.20302384504
3.20349301772
3.20399217866
3.20451588504
3.20503261758
3.20556154699
3.20609189413
3.20661413635
3.20713249755
3.20765607522
3.20816883449
3.208674937
3.20919175038
3.20970601309
3.21021808126
3.21074969078
3.21126773581
3.21178762174
3.21231214734
3.21280893335
3.21333866861
3.21383678056
3.21438789515
3.21490325072
3.21544808727
3.21595065069
3.21646883994
3.21699601718
3.21752229652
3.2180379143
3.21857160545
3.21908472621
3.21959435988
3.2201128797
3.22064466997
3.22115742707
3.22122217119
3.22148451369
3.22169623909
3.22220760151
3.22275308604
3.22329768704
3.22383702838
3.22436217998
3.22488834103
3.22543262619
3.22598733329
3.22654082392
3.22709427826
3.22759881284
3.22812627332
3.22864144936
3.22912512422
3.22964429559
3.23013618677
3.23065293508
3.23119665716
3.23176402604
3.23232735673
3.23236511808
3.23265593334
3.23317761342
3.23373262972
3.23425802812
3.23481832908
3.23535188638
3.23586245302
3.23638783618
3.23683438752
3.23728442969
3.23776703441
3.2382874357
3.23881718691
3.23936151181
3.23991369176
3.24045904618
3.24101688929
3.24156447475
3.24212836884
3.24267421731
3.24318484946
3.24371941139
3.2442709034
3.2447918495
3.24535061377
3.24585625899
3.24637963991
3.2469060326
3.2473321999
3.24784228941
3.24833195523
3.24882726706
3.24933765564
3.2498471905
3.25036704121
3.25088341516
3.25139402141
3.25189985655
3.2524187474
3.25295019856
3.25348454773
3.25401752725
3.25454566272
3.25506808036
3.25560000822
3.25612070756
3.25661758779
3.25713359902
3.25765681984
3.25821400882
3.25876035555
3.25931547798
3.25987884652
3.2604045783
3.26092885747
3.26146740755
3.2619900239
