0.4
0.40125270914
0.40250541828
0.40375812742
0.40501083656
0.4062635457
0.40751625484
0.40876896398
0.41002167312
0.41127438226
0.4125270914
0.41377980054
0.41503250968
0.41628521882
0.41753792796
0.4187906371
0.42004334624
0.42129605538
0.42254876452
0.42380147366
0.4250541828
0.42630689194
0.42755960108
0.42881231022
0.43006501936
0.4313177285
0.43257043764
0.43382314678
0.43507585592
0.43632856506
0.4375812742
0.43883398334
0.44008669248
0.44133940162
0.44259211076
0.4438448199
0.44509752904
0.44635023818
0.44760294732
0.44885565646
0.4501083656
0.45136107474
0.45261378388
0.45386649302
0.45511920216
0.4563719113
0.45762462044
0.45887732958
0.46013003872
0.46138274786
0.462635457
0.46388816614
0.46514087528
0.46639358442
0.46764629356
0.4688990027
0.47015171184
0.47140442098
0.47265713012
0.47390983926
