8.23
8.23079458806
8.231462045
8.23301590619
8.23461036953
8.23619640532
8.23778472328
8.23935130802
8.2409295321
8.24251405903
8.24411842823
8.24571274044
8.2473167782
8.24885779626
8.25042399115
8.25197228768
8.25349549892
8.25505161708
8.25658926688
8.25813608026
8.25972182735
8.26133526224
8.26294944782
8.26308035184
8.2639681632
8.26553096804
8.26713132239
8.26870711032
8.27031303351
8.27189981542
8.27345893497
8.27503743906
8.27636334628
8.27771550037
8.27923722081
8.2808043913
8.28237243766
8.28396278706
8.28555303663
8.28714448971
8.2887397179
8.29033318388
8.29193527749
8.29352645583
8.29507368959
8.29664828656
8.29823169217
8.29979416117
8.30138702504
8.30293400337
8.30449130084
8.30605810607
8.30738966148
8.30893711157
8.31045698583
8.31199563111
8.31352486311
8.31507420598
8.31663984201
8.31821191996
8.31977177407
8.32133139547
8.32289493644
8.32448144863
8.32606022721
8.32764790227
8.32921634591
8.33078834191
8.33236161426
8.33392727897
8.33545971514
8.337021319
8.33858458309
8.34018506913
8.34176922273
8.34337194068
8.34497003946
8.34654240983
8.34810661753
8.34969165658
8.35125604255
8.35144263369
8.35279869566
8.35439429765
8.35597033162
8.35711257827
8.35729097312
8.35860453153
8.36018765718
8.3603912218
8.36177396905
8.36331526726
8.36486738196
8.36643998426
8.36799974568
8.3696018459
8.37116996675
8.37273094703
8.37427157076
8.37580229605
8.37734199354
8.3788961086
8.38042885724
8.38204241607
8.38359327886
8.38513294268
8.38666043488
8.38695418143
8.38735881307
8.38899346933
8.39052037272
8.39071044747
8.3920849275
8.39367686385
8.3954454168
8.39725039389
8.39880720151
8.40037927211
8.40190341003
8.40343161062
8.404981716
8.40516671393
8.4065247348
8.40807107026
8.40965217377
8.41125126545
8.4114355102
8.41280492932
8.41437771572
8.4145798936
8.41594047756
8.41752013697
8.41770846579
8.41908655259
8.42066307715
8.42226393581
8.42244382155
8.42381537465
8.42537151328
8.42556109427
8.42692324451
8.42711567627
8.42846264691
8.43001530743
8.43157663844
8.43315859151
8.43472894614
8.43630078078
8.4378237989
8.43936581254
8.44090645951
8.44110317978
8.44245051108
8.44397896172
8.44526425729
8.44590605371
8.4474326363
8.44761956538
8.44897882541
8.45053356227
8.45210213023
8.4536852524
8.45529117057
8.45687704329
8.45842175575
8.46000950072
8.4616009715
8.46316459113
8.46472060726
8.4649018628
8.46627549443
8.46782357748
8.46933218815
8.4709255295
8.47249054775
8.47404881641
8.47559152795
8.47709193971
8.47727608521
8.47862972628
8.48018676898
8.48173651498
8.48329107668
8.48349115997
8.48482456409
8.48636529485
8.48788046846
8.48938941872
8.49087713527
8.49106345022
8.49257432356
8.49432146452
8.49587142065
8.49740961756
8.49888056387
8.49926433735
8.4997883816
8.50133262029
8.50288544662
8.50308554225
8.50445081773
8.50602105075
8.50619714872
8.50757579374
8.50912889314
8.51069497801
8.51087245866
8.51227145426
8.51244906003
8.51383738036
8.51402973806
8.51541757168
8.51697814845
8.51856809224
8.52009956175
8.52165969611
8.52322986709
8.52342776073
8.52478892086
8.52497887039
8.52636935425
8.52656571614
8.52795707992
8.52815259515
8.52950254945
8.53103793385
8.53121799484
8.53260630715
8.5327847487
8.53414733115
8.53433931237
8.53570279634
8.53588653861
8.53722054442
8.53740138633
8.53876513051
8.53894983202
8.54032747359
8.54041297024
8.54190170717
8.5420516924
8.54343480518
8.54361813604
8.54499836177
8.54518768814
8.54655975303
8.54813282454
8.54967029987
8.55124300254
8.55241549509
8.55348059123
8.55507697574
8.55664624676
8.5568316903
8.55821614778
8.55967199747
8.55979747363
8.56126922459
8.56139999342
8.56285370014
8.56444906629
8.56602888976
8.56752474948
8.56902789524
8.569154009
8.57057578182
8.5707016174
8.57216398872
8.57377443914
8.57539495765
8.57552683574
8.57698699572
8.57859733148
8.58020101934
8.58180469652
8.58336415408
8.58492482425
8.58648562261
8.58805934445
8.58964558888
8.59122050762
8.59266495324
8.59418406998
8.59570598165
8.59714167996
8.59867058136
8.60020122287
8.60174924573
8.60316653006
8.60452663658
8.60599936931
8.60618903363
8.6076077481
8.60917933019
8.61081289137
8.61099883671
8.61243802841
8.61403126292
8.61422959186
8.61559887235
8.61717837076
8.6187644296
8.61895767097
8.62036511958
8.62197085915
8.62352446955
8.62509992742
8.62655568176
8.62792825506
8.62958614099
8.63117676404
8.63135747397
8.63280403584
8.63440967643
8.63459816854
8.63598042464
8.63761761886
8.63927815548
8.64090152308
8.64254587663
8.64413012634
8.64574006915
8.6473938165
8.64758607432
8.64898516534
8.65055111389
8.65204134892
8.65220949058
8.65359132234
8.65376096186
8.65518550926
8.6567495976
8.65695841487
8.6583842116
8.66003215533
8.6615948368
8.66313948115
8.66331057806
8.6645523241
8.66611751869
8.66767930431
8.66924567975
8.6708166882
8.67100341333
8.67241750058
8.67393190143
8.67544517056
8.67700941064
8.67829383392
8.67994342567
8.68152344198
8.68309895194
8.68328416821
8.68469472172
8.68630042792
8.68791052677
8.68953373857
8.69114314274
8.69132817914
8.69279263524
8.69298397244
8.69432630116
8.69590643952
8.69609913317
8.69751544851
8.69911107389
8.70070197468
8.7022799898
8.70247622211
8.7039299768
8.70552407957
8.7057271603
8.70707753684
8.70723575742
8.70854927399
8.71007631743
8.71156343597
8.71316284446
8.71329437097
8.71465215051
8.71623263693
8.71777920785
8.7179583223
8.71845845909
8.720146893
8.72138014586
8.72285331861
8.7245216783
8.72608978474
8.72761035929
8.72910757172
8.72928710489
8.73069358234
8.73230416421
8.73249416015
8.73384797814
8.73549236723
8.73711115745
8.73729875977
8.73869190279
8.74032338952
8.7405206184
8.74193226271
8.74354604204
8.74517791059
8.74545976453
8.74699401388
8.74862020834
8.74881272015
8.75025323179
8.7504443215
8.75188767
8.75354574852
8.75375444989
8.75518499549
8.7568513239
8.75849978464
8.76013154295
8.76172777015
8.76193486323
8.76338410958
8.76503038018
8.76665088772
8.76824560826
8.76987593742
8.77008456333
8.77150336169
8.77312340114
8.77477393107
8.77642380027
8.77795805206
8.77955616491
8.77973639599
8.78113641842
8.7813244401
8.7827541416
8.78439667471
8.78586816046
8.78743737135
8.78905875423
8.78924172425
8.79063362014
8.7922168463
8.79304184729
8.79405399041
8.79571917284
8.79593374942
8.79735624459
8.79902859967
8.80050221667
8.80213032096
8.80372092167
8.8053340076
8.80696223795
8.80715582604
8.80857273362
8.81013467333
8.81030302426
8.81166133424
8.81326732833
8.81346116137
8.81484543383
8.81644494351
8.81807427579
8.81976180348
8.82134829844
8.82291156153
8.82449533783
8.82599216096
8.82727206969
8.82851522526
8.83000315464
8.83154104581
8.83173658164
8.83314911895
8.83476088394
8.83491709344
8.83628939761
8.83769612229
8.83915786451
8.84059741145
8.84197646675
8.84329246192
8.84460237289
8.84615277581
8.8478056102
8.84944665618
8.8510478258
8.85251845958
8.85408805108
8.85558871967
8.85711262764
8.85868309286
8.86025028481
8.86183078171
8.86333561553
8.86468277081
8.86625006889
8.86780710876
8.86940571612
8.87098446076
8.87257813177
8.87416300347
8.8756894233
8.87727162251
8.87880219297
8.88033862669
8.88186277602
8.88325698942
8.88468429014
8.88613870058
8.88763566633
8.88904372928
8.89035880702
8.89174471314
8.89326678204
8.89452862643
8.89593568596
8.89737186663
8.89883170488
8.90031795567
8.90193787463
8.90350477164
8.90504722474
8.90649497444
8.90811655999
8.9097359737
8.91131465435
8.91285649271
8.91442440664
8.91599155426
8.9175629275
8.9191603522
8.92084632653
8.92241967668
8.92399538202
8.92556000189
8.9262274342
8.92775104079
8.92921523627
8.9308420641
8.93239233219
8.93410739677
8.93574529393
8.93737306837
8.93867829537
8.9404391059
8.94210059894
8.94358396882
8.94516835238
8.94688444138
8.94861305285
8.9503490401
8.95199659551
8.95334049614
8.95501204964
8.95671950229
8.95830826031
8.95993509787
8.96162062667
8.96326528391
8.96477796925
8.96634723017
8.96762654723
8.96920585377
8.97070716759
8.97224189145
8.97387150271
8.97554035439
8.97713945561
8.97874008389
8.9802113956
8.98170550071
8.98336420595
8.98500601039
8.98670286576
8.9884421662
8.99005211796
8.99161271638
8.9930850553
8.99427461106
8.99544349716
8.9963010397
8.9973131486
8.99825014594
8.99917538499
9.00020130506
9.00121324573
9.00213477516
9.00301974973
9.00465935224
9.00638483494
9.00803273058
9.00968694053
9.0113019228
9.01298036964
9.01464098075
9.01627184046
9.01795301641
9.01961266451
9.02129139772
9.02296400451
9.02457909451
9.02623837681
9.02789629577
9.02957024856
9.03116822323
9.03279584742
9.03443650215
9.03604222851
9.0376776037
9.03933571175
9.04094314825
9.04257237568
9.04413475483
9.04579899406
9.04598883329
9.0473914212
9.04872273582
9.05030266744
9.05197515351
9.05364611479
9.05481391871
9.05645882733
9.05794193303
9.05958964171
9.06117003865
9.06136179195
9.06275417108
9.06436484855
9.06589882409
9.06609227018
9.0668311294
9.06772128066
9.06929554905
9.06949476779
9.07081269562
9.07188792648
9.07315328907
9.07333758721
9.07468036388
9.07486158713
9.07606521678
9.07679647802
9.07793460064
9.07956430845
9.07975523266
9.08120674757
9.0827657546
9.08439660559
9.08458987547
9.08607201821
9.08771423694
9.08934945832
9.0909779918
9.09263291809
9.09282197889
9.09425708226
9.0959202807
9.09612565227
9.09756939735
9.09924325886
9.0994258167
9.10080815973
9.10241345149
9.10405753053
9.10563020877
9.10722082534
9.1072983055
9.10851881639
9.11015701009
9.11176104349
9.11341982354
9.11361778473
9.11503119013
9.11666963319
9.11833039354
9.11853541539
9.12000551546
9.12172058604
9.12193972966
9.12346178455
9.12366556079
9.12513480472
9.1267986305
9.12848587367
9.13013820182
9.13182477653
9.1320295831
9.13353013863
9.13524863533
9.13695701014
9.13862584425
9.13883842663
9.14025010711
9.14188961452
9.14207924474
9.14355520992
9.14523911534
9.14543799689
9.14688493236
9.14857888775
9.15021712357
9.151850271
9.15345993229
9.15512672706
9.15532177944
9.15678285124
9.15837754843
9.16004658374
9.16168555691
9.1633451306
9.16497468784
9.16643688486
9.16765794083
9.1693070515
9.16948961878
9.17095047776
9.17258664179
9.17424752815
9.17589381991
9.17745584031
9.1790011723
9.18053037744
9.18199386007
9.18351297295
9.18368509546
9.18497258186
9.18643577454
9.1874176964
9.18867145545
9.18938064555
9.19015370669
9.19035388284
9.19055136844
9.19200220491
9.1921937231
9.19366505322
9.19527555092
9.19547377236
9.19691125604
9.19864435909
9.20037243388
9.20183529129
9.20201683332
9.20343654494
9.20508161536
9.20596341355
9.20669468598
9.2072505999
9.20864174733
9.21006480661
9.21145469797
9.21162467714
9.21282956527
9.21298617134
9.21420091303
9.21557677049
9.21574638387
9.21697764087
9.21837873385
9.21978745369
9.22117802488
9.22133964181
9.22258140841
9.22397978313
9.22414950873
9.22537606652
9.22554407327
9.22674883475
9.22815504255
9.22831615139
9.22951220664
9.23091445614
9.23231412347
9.23247495484
9.2337110761
9.23499322181
9.23635161936
9.23767228489
9.237843803
9.23925783898
9.24087170535
9.24105009915
9.24220684651
9.24357487886
9.24374707225
9.24513888893
9.24667526644
9.24685934246
9.24822699808
9.2484084438
9.24931537241
9.25056924216
9.25212303514
9.25349263776
9.25361756704
9.25454541681
9.25556697079
9.25660847015
9.25772496754
9.25781351832
9.25900844555
9.26031119523
9.26165112089
9.26175225122
9.2627370999
9.26281424585
9.26393693256
9.26517695711
9.26527676096
9.26609960389
9.26752595521
9.26895457295
9.26906104592
9.27036234763
9.27177920022
9.27189508766
9.2731953134
9.27463345373
9.27605819083
9.27750380424
9.27893314049
9.28036412329
9.28179714328
9.28191051018
9.28319440864
9.28330805694
9.28462386311
9.28474072102
9.28596547215
9.28606399539
9.28702293254
9.28852583911
9.28991352165
9.29002540831
9.29098672194
9.29237111853
9.29247327542
9.29344277068
9.29449728316
9.29556008704
9.29661637033
9.29670236271
9.29767539014
9.2987390804
9.29881770859
9.29978598891
9.30083006071
9.30187515201
9.30291760309
9.30300066089
9.30396269255
9.30501860054
9.3051724554
9.30596835101
9.30605260804
9.30699974778
9.3080506781
9.30813236315
9.3092350878
9.31042831588
9.31161267833
9.3128080017
9.31290336782
9.31432701294
9.31564100395
9.31713918808
9.31870566095
9.32023397541
9.32035353999
9.32227641598
9.32241892476
9.32417637983
9.32605454596
9.32619964945
9.32743460098
9.32932334162
9.32953941181
9.33059409179
9.33250874173
9.33273938858
9.33446680091
9.33468367546
9.33629092373
9.33650216674
9.33818420937
9.34007994028
9.34175104695
9.34362853753
9.34546791287
9.34732729896
9.3491701216
9.35102371225
9.3529186809
9.35481574047
9.35674034293
9.35695883698
9.35787013229
9.35892307677
9.3600040596
9.36106346966
9.36212015701
9.36318555923
9.36425675934
9.36534874964
9.36642028761
9.36748049672
9.3685161334
9.36957194699
9.36969095073
9.37061856433
9.37168763646
9.37276479184
9.3738459931
9.3749207792
9.37504301112
9.37597411073
9.37703725175
9.37717698606
9.37760454036
9.37773701049
9.37867037814
9.37975658701
9.38092796572
9.38243161484
9.38390682395
9.38408866716
9.38536630712
9.38555382811
9.38684225221
9.38832192177
9.38849019618
9.38933553702
9.39093306554
9.39110174927
9.39241333247
9.39385624358
9.39529185309
9.39668343867
9.39794958038
9.39940557827
9.40085831164
9.4023468018
9.40251863267
9.40380404421
9.4039692372
9.40525327282
9.40541652311
9.40670936512
9.4081702855
9.40962757536
9.40980725337
9.41109921206
9.41256530988
9.41274435124
9.41365585023
9.41472200824
9.41601349982
9.41707985613
9.41719513381
9.41786578788
9.41798682956
9.41896442658
9.42004769246
9.42018556515
9.42114174023
9.42183104838
9.42269092988
9.42379659066
9.42489411374
9.42501960473
9.42596116953
9.42722276696
9.42832161298
9.42940336816
9.4304831039
9.43156089144
9.43264865013
9.4327722543
9.43372745118
9.43478763641
9.43587380964
9.43693387538
9.43707276484
9.43800075392
9.43813291307
9.43909167482
9.44016739345
9.44126712158
9.44234582212
9.44343653395
9.4435684715
9.44451563263
9.44558794143
9.44571027407
9.44667035155
9.44774429661
9.44881592876
9.44989904561
9.45097973774
9.45110198631
9.45206031286
9.45315185348
9.45421893699
9.45531058258
9.45543979373
9.45639513177
9.45748818873
9.45763022928
9.45770289915
9.45890670905
9.45906618367
9.46012638676
9.46149734602
9.46160067572
9.4627594038
9.46397224809
9.46505378641
9.4660984379
9.46618140412
9.46713861329
9.46821451778
9.46928960641
9.47037505238
9.47046330983
9.4717314734
9.4731190147
9.47322644273
9.47449081205
9.47587929658
9.47724036858
9.4773497445
9.47863471113
9.48003314237
9.48141371783
9.4828040684
9.48290415789
9.48417833609
9.48553827859
9.48693435366
9.48832986361
9.489701886
9.49109936595
9.49245408006
9.49254924355
9.49306903916
9.49448102745
9.49586595189
9.49730806909
9.49873120133
9.50016924032
9.50028393871
9.501561266
9.50296030678
9.50435925072
9.50446560003
9.50573011353
9.50709571229
9.50720155872
9.5073281513
9.50831283992
9.508405262
9.50937474546
9.51044022408
9.51051932069
9.51152247567
9.51259156006
9.51365454691
9.51501867829
9.51518561188
9.51580113562
9.5159733253
9.51613445167
9.51738580223
9.51755395239
9.51875259621
9.52012253394
9.52027832614
9.52147893287
9.52283779352
9.52418916749
9.52550764924
9.5256777156
9.52685723143
9.52824811075
9.5284084469
9.52960832101
9.53095901303
9.53240742694
9.53384867951
9.53530774327
9.53547099577
9.53673680217
9.53690132572
9.53816137053
9.53958752536
9.5397559431
9.54089856623
9.54212712223
9.54335416646
9.54460044674
9.54604434698
9.54750558418
9.54892350355
9.55032463013
9.55173420159
9.55314596498
9.55331225858
9.55457960934
9.55601645631
9.55728984533
9.55746498648
9.5586784452
9.5601350062
9.56049528268
9.56106122659
9.56121245103
9.56239676712
9.56374437287
9.5650610204
9.56521002312
9.56623162143
9.56636527478
9.5673882742
9.56855592259
9.56973375891
9.57093138715
9.57210906197
9.57329873454
9.57449542959
9.5757078362
9.57595867273
9.57700198433
9.57714431409
9.57819580724
9.57938627702
9.57953818932
9.58057797169
9.58174256661
9.58293004378
9.58413378214
9.58427241397
9.5853235708
9.58649325416
9.58664014254
9.58768323119
9.58884689784
9.59003000311
9.59017355864
9.59122854169
9.59243883897
9.59361603632
9.59466391743
9.59585167712
9.59704818354
9.59718974655
9.5982404275
9.59838850196
9.59942724766
9.60062556538
9.60182403758
9.60196702357
9.60226420978
9.6036212429
9.60500183706
9.60637534701
9.60775199077
9.60913626058
9.61049599413
9.61188030071
9.61325372502
9.61461130112
9.61598954362
9.61734669384
9.61872742206
9.62007448664
9.62147519647
9.62287416529
9.62428346188
9.62585218626
9.62665574604
9.62796006384
9.62928362683
9.63063999539
9.63198993531
9.63332916026
9.63344389978
9.63430040934
9.63442526689
9.63501365786
9.63632660499
9.63702458933
9.63718010845
9.63782516498
9.63919490353
9.64055974655
9.64186228002
9.6432386723
9.644638888
9.64602520667
9.64741683823
9.64880463917
9.65019172959
9.65159286125
9.65300294071
9.65378609372
9.65502624226
9.65615207712
9.65700975015
9.65774748759
9.65921422296
9.660672385
9.66213798866
9.66355831861
9.66499313629
9.66642994475
9.66786829855
9.66928981764
9.67069831748
9.67212485118
9.67354674829
9.675001584
9.67644806354
9.67793222852
9.67930698942
9.68069116077
9.68181948092
9.68252799256
9.68397207688
9.68534137376
9.68675459796
9.6881869801
9.68963448239
9.69108656375
9.69254238479
9.69397871917
9.69542372152
9.69686677855
9.69829778979
9.69968694777
9.70109384931
9.70249593139
9.70390074815
9.70533504285
9.70676201691
9.70820617021
9.70965614706
9.71107348434
9.7125283341
9.71394202319
9.71540796882
9.71682562391
9.71828324447
9.71967073
9.72110181886
9.72254009974
9.72398360518
9.72540549387
9.72685440743
9.72827920325
9.72970998564
9.73113938237
9.73259036802
9.7340205574
9.7341974744
9.73499170184
9.73565889173
9.73721213277
9.73880594143
9.74039132446
9.74197899236
9.74354494018
9.74512252599
9.74670639906
9.74831010206
9.74990375256
9.75150712788
9.75304753027
9.75461308712
9.75616075737
9.75768337045
9.75923885714
9.76077589287
9.76232206482
9.76390711188
9.76551986995
9.76713337921
9.76726422601
9.76815168207
9.76971385264
9.77131354778
9.77288869848
9.77449395055
9.77608008751
9.77763858627
9.77921645311
9.78054181738
9.7818934251
9.78341454966
9.78498108886
9.78654849548
9.78813819169
9.78972777917
9.79131857706
9.79291314174
9.79450595296
9.79610737617
9.79769790028
9.79924451454
9.80081846832
9.80240121533
9.80396305621
9.80555525473
9.80710161601
9.80865827937
9.81022444667
9.81155546033
9.81310228725
9.81462155835
9.81615959529
9.8176882041
9.81923692266
9.82080192776
9.82237337918
9.82393261282
9.82549161633
9.82705452824
9.8286403995
9.83021853347
9.83180556362
9.83337336632
9.83494472705
9.83651735642
9.83808238535
9.83961420748
9.84117517848
9.84273780846
9.84433762674
9.84592112284
9.84752317288
9.84912059094
9.85069232471
9.85225589739
9.85384028657
9.85540403887
