42.27
42.2740900907
42.2776222464
42.2857875688
42.2944681905
42.3031304106
42.3117166215
42.3200804201
42.328500347
42.3371434505
42.3459743789
42.3547661368
42.3635888523
42.3715829741
42.3798692547
42.3879863413
42.3956242218
42.4038452737
42.4116732286
42.4197795069
42.4283508509
42.4374222849
42.4464011465
42.4469372814
42.4517139873
42.4599402255
42.4688105535
42.4771994592
42.4861553684
42.4947025657
42.502924394
42.5113446029
42.5184815286
42.5256066185
42.5332986287
42.5415697199
42.5499673448
42.558595056
42.5673333282
42.5759776943
42.5847946543
42.5934706065
42.6023906893
42.6110334836
42.6191211425
42.6275298355
42.6361834391
42.6444030829
42.653194164
42.6611808373
42.6694310255
42.6777203974
42.6844074498
42.6924168646
42.7001189443
42.7079720506
42.7158578465
42.723886143
42.7322189613
42.7405303253
42.7487606638
42.7568887418
42.7651937626
42.7737299769
42.7822699664
42.7908254982
42.7992218792
42.8075558532
42.8160223819
42.8242774685
42.8321458991
42.8403369228
42.8486551515
42.8574472848
42.8660929149
42.8749052595
42.8837746502
42.8921254451
42.9004585034
42.9090033093
42.9173322158
42.918269169
42.9253427193
42.93404855
42.9425488741
42.9486040172
42.9494925026
42.9560311791
42.9646396448
42.9657823951
42.9732383873
42.9810794044
42.9892116859
42.9975843108
43.0058738348
43.0147016176
43.0231265996
43.0313230375
43.0393220014
43.0470934028
43.0550819633
43.0631778885
43.0710495422
43.0800320158
43.0881768074
43.0960293375
43.1040914742
43.1054296995
43.10742242
43.1165338399
43.1242727647
43.1252122608
43.1325261902
43.141147485
43.1523883818
43.1640148351
43.1722318906
43.1805791435
43.1883015225
43.1959843486
43.2040947474
43.2050120383
43.2121179895
43.2200649404
43.2286600032
43.2374169364
43.2383698091
43.245583497
43.2540374968
43.2551520025
43.2622786134
43.2707318192
43.2717524961
43.279090723
43.2875869991
43.2963620491
43.297259839
43.3044794646
43.3126896895
43.3136713483
43.3208143332
43.3217844602
43.3287215995
43.3367615386
43.3450402166
43.3535381247
43.3619616157
43.3702995024
43.3780081043
43.3858924136
43.3938676365
43.3948959365
43.4018498349
43.4095660893
43.4159170991
43.4189224585
43.4266458137
43.4275489569
43.4346495723
43.4426985787
43.4510789888
43.4595716281
43.4685186937
43.4770494703
43.4850813617
43.4936670661
43.5023939272
43.510605816
43.5188304212
43.5196682847
43.527007701
43.5349942498
43.5426283749
43.5512989641
43.5596426628
43.5677695985
43.5758055167
43.5831306138
43.5840909086
43.5910460941
43.5992609647
43.6072650927
43.6154278926
43.6165183577
43.6232558505
43.6311293773
43.6387154775
43.6461408458
43.653349769
43.6542842446
43.663462167
43.674123583
43.6822515943
43.6900643958
43.6971447443
43.6991067789
43.7018023631
43.709740408
43.717905675
43.7189953235
43.7261963332
43.7344962015
43.7353863504
43.7427360391
43.750874608
43.7591258586
43.76003316
43.767691537
43.7686025058
43.7760840779
43.77716444
43.7846212575
43.7928682234
43.8014502782
43.8092621203
43.8174062715
43.8258022213
43.8268580949
43.8340263542
43.8350172233
43.8425926595
43.8436864235
43.8512755117
43.8523465059
43.8593408442
43.8671051633
43.8679988028
43.8754871708
43.876410967
43.8834916431
43.8845631601
43.8916821306
43.8926842455
43.8994052519
43.9003159681
43.9074480737
43.90841941
43.9157243303
43.9160289926
43.9247231283
43.9253179165
43.9326970721
43.9336347679
43.9409713417
43.9420589763
43.9493730429
43.9577072439
43.9655959267
43.9739415177
43.9793968767
43.9857736811
43.9945869734
44.002892581
44.0039198958
44.010835651
44.0177179664
44.0183755558
44.026537947
44.0272788006
44.0351750178
44.0438690613
44.0524378046
44.0598196987
44.0672859642
44.0679541399
44.0753691541
44.0760355608
44.084048666
44.0929651254
44.1021540183
44.1029114066
44.1109298004
44.11981932
44.1287534701
44.1375620693
44.1458019324
44.1539382043
44.1622058088
44.170568032
44.1792331601
44.1875838716
44.1942557188
44.2017528918
44.2093960173
44.2157347432
44.2235132135
44.2312165757
44.2392729878
44.2469565313
44.2540477586
44.2611613428
44.2621468525
44.2700949441
44.2791367973
44.2884056331
44.2894459932
44.2977003382
44.3064303297
44.3075443566
44.3147688937
44.3231791223
44.331830915
44.3328722201
44.3407131817
44.3495306134
44.357647514
44.3660251889
44.3730287183
44.3789988938
44.3887243769
44.3972807007
44.3982389823
44.4065973546
44.4155250197
44.4164861455
44.4238988826
44.4331910577
44.4429441569
44.4520158657
44.4615656782
44.4700758201
44.4791080069
44.4886773948
44.4898101128
44.4974401557
44.5057360774
44.5135153934
44.5142300641
44.5215826644
44.522368754
44.5304073253
44.5386727174
44.5398912506
44.5479722445
44.5574419552
44.5657095496
44.5736026319
44.5744275227
44.5800859404
44.5884265297
44.5965720577
44.6048977305
44.6131591819
44.6142030189
44.6220871738
44.6296604116
44.6370940621
44.645398548
44.6534207373
44.6629155271
44.6714841253
44.6798726978
44.6808923468
44.6886904086
44.6976230345
44.7065073989
44.7157210092
44.7245961893
44.7256202788
44.7342688035
44.7353815452
44.7422630189
44.750746485
44.7517739182
44.7597243369
44.7683614596
44.777116725
44.7855054722
44.786642098
44.7951155361
44.8038432664
44.8049718309
44.8119716622
44.8126142077
44.8192967875
44.8271055311
44.8344556563
44.8431995986
44.843640184
44.850649708
44.8592047181
44.867137704
44.8680691987
44.8706410902
44.8807563233
44.8874724412
44.8963405626
44.9061371704
44.9145204366
44.9222071164
44.9296371351
44.9304836602
44.9382907494
44.9471880156
44.9482857272
44.955285311
44.9648064164
44.97385358
44.9749145146
44.9824801665
44.9918333166
44.9929355668
45.0008402029
45.0098084604
45.0191840652
45.0206868296
45.0285837193
45.0377689905
45.0389104671
45.0472055437
45.0482640324
45.0566009095
45.0663804809
45.0676617484
45.0758823003
45.0856717208
45.0952906199
45.1045575
45.113362975
45.1146130742
45.1230852995
45.1325533828
45.1417188469
45.1503741372
45.1597080963
45.1609822014
45.1689760682
45.1780260784
45.1876689888
45.1971987852
45.2052019147
45.2139023534
45.214850923
45.2224864749
45.2235540619
45.2316672803
45.2411844357
45.2483439937
45.2568031564
45.2659009832
45.2669013146
45.2745017138
45.2831148004
45.2876379728
45.2929236655
45.3027759046
45.3040908902
45.3121869243
45.3220370872
45.3292922273
45.3384920659
45.3472115137
45.3561535294
45.3654490107
45.3664919023
45.374453267
45.3827099759
45.3835007044
45.3905106295
45.3994380519
45.4004886405
45.407947982
45.41670054
45.425915546
45.4361277243
45.4446963462
45.4529902733
45.4614968195
45.4688161748
45.4739801031
45.4778805811
45.4849155792
45.4928566431
45.4939275946
45.5018165148
45.5107292154
45.5113956491
45.518606822
45.5249245033
45.5318329225
45.5384706412
45.5439793143
45.5487182722
45.5533047382
45.5614111359
45.5709435163
45.5803863916
45.5891186553
45.5965363386
45.6047340704
45.6120683082
45.6197550368
45.628206778
45.6364979978
45.645026157
45.6525360349
45.6582392904
45.6664474253
45.6746441921
45.6833858781
45.6919639215
45.7006082036
45.7092020988
45.716821268
45.7253949403
45.7330455998
45.7408950601
45.7484860144
45.7542875163
45.760744761
45.7674479323
45.7746588801
45.7807067621
45.7858961726
45.7919170631
45.7995350676
45.8044688311
45.8107645406
45.8174959952
45.8243729976
45.8316717822
45.8406572378
45.8489285097
45.8568506035
45.8636742774
45.8727086886
45.8818244208
45.8902982995
45.8982934464
45.9065834733
45.914928148
45.9232398549
45.9320212627
45.9420789026
45.9505364457
45.9589406555
45.9672980348
45.9708249113
45.9785549224
45.9855905129
45.9947163581
46.0029161273
46.0134285979
46.022807376
46.031928895
46.0373290301
46.0485691495
46.058362036
46.0655977659
46.0742945666
46.0847453369
46.0955718003
46.1064212343
46.1159060028
46.1216323768
46.1315508315
46.1418665949
46.150521113
46.1596278975
46.1697504918
46.1791515653
46.1868920346
46.1951993843
46.2003692488
46.2088501093
46.2164112025
46.2243296526
46.2336225962
46.2433680013
46.2521923717
46.2609817922
46.2682043397
46.2756119539
46.2853578826
46.294704172
46.3050390835
46.3158988973
46.3248517852
46.3330028627
46.3398408299
46.3446200088
46.3487010334
46.3510420382
46.3538557233
46.3573483265
46.3598994503
46.3631330386
46.3661727117
46.3691110913
46.3740077224
46.3834929402
46.3941748364
46.4038160361
46.4133713517
46.4224424201
46.4324009859
46.4421936394
46.4514307905
46.4615480749
46.4711921198
46.4812911084
46.4911470588
46.5002038878
46.5098408843
46.5195831218
46.5294700419
46.5383035073
46.5474790532
46.5569654877
46.5658201215
46.5752491747
46.5848785194
46.5938379574
46.6030336005
46.6113843012
46.6211311638
46.6221744104
46.6299520007
46.6355804494
46.6441378854
46.6541201522
46.6639838353
46.6698123661
46.6792454432
46.6866093393
46.6961490933
46.7047389555
46.7057644101
46.7133828363
46.7222720297
46.7304565283
46.7314953583
46.7355030719
46.7401968612
46.7486848673
46.7498197678
46.7564529808
46.7599441326
46.7648092874
46.7657154836
46.7725917206
46.7734547296
46.7783207979
46.7804900993
46.786215459
46.7954345654
46.796545144
46.8049783705
46.8133293659
46.8225371609
46.8236844917
46.8326293759
46.8421409121
46.8514382657
46.8607314706
46.870348993
46.8714340327
46.879619371
46.8894544955
46.8906844835
46.8990764288
46.9089923254
46.9099762775
46.9173983945
46.9263580638
46.935816616
46.9442796725
46.9529589611
46.9532127211
46.960328031
46.9697177013
46.978677442
46.9883300389
46.989499154
46.9973960788
47.0068603089
47.0165376087
47.0178139291
47.0265590591
47.0371078234
47.0384834417
47.0480863025
47.0492902744
47.0579723378
47.0678038624
47.0778644192
47.0875304981
47.0975815094
47.0988562701
47.1080228604
47.1187009737
47.1291119634
47.1389978175
47.1403354214
47.1482153077
47.1575293405
47.1586224329
47.1674300872
47.1775493147
47.1786593872
47.1870662699
47.1972619373
47.2066963854
47.2159682446
47.224986207
47.2346902196
47.2358600179
47.2444796785
47.2534484494
47.263226515
47.2726507631
47.2823190724
47.291592152
47.2995168241
47.3058638851
47.3153475556
47.3163420385
47.3249094767
47.3343583827
47.3440580182
47.3536164338
47.3619238434
47.3700741711
47.3777857522
47.3847276877
47.3923263197
47.3931603358
47.3992100833
47.4060950018
47.4095485393
47.4147167698
47.4169918741
47.4185002547
47.4195509547
47.4207136468
47.4291563238
47.4302771466
47.4390490375
47.4481514153
47.4492332409
47.4575309855
47.4683215136
47.4790506531
47.4877214033
47.4887003402
47.496705348
47.5062830506
47.5113239458
47.5130702336
47.5151621029
47.5208566139
47.5269632607
47.5326723633
47.5334180365
47.5382618887
47.5388774874
47.5438356855
47.5494438578
47.5501375409
47.5553407886
47.5611964196
47.5672168304
47.5729751521
47.5736589006
47.5789720682
47.5848387253
47.5855381183
47.5907123967
47.5913922501
47.5963124731
47.602205211
47.6028671758
47.6077029015
47.6136702105
47.6195353444
47.6201944945
47.6254125131
47.630017848
47.6354260049
47.6405641846
47.6412830013
47.6492365508
47.6582309785
47.6591569182
47.6639607185
47.6700335943
47.6708212929
47.6784211772
47.6862879805
47.687300296
47.6945113824
47.6954882035
47.6983683179
47.7034958247
47.711581137
47.7175802764
47.7179769492
47.721066502
47.724222782
47.7275843662
47.7313165989
47.7316427831
47.7364581505
47.7417659506
47.7474550104
47.7479117505
47.7511697781
47.7514203656
47.7556142558
47.7604181027
47.7607785856
47.7645793397
47.7712562031
47.7779031951
47.7784145883
47.7844059644
47.7909430783
47.7914909416
47.7974726503
47.8042062808
47.8108462981
47.8176780249
47.8243674222
47.8310277339
47.837798756
47.8383186916
47.8441292764
47.8446496842
47.8508351273
47.8513570173
47.8565711369
47.8569425346
47.8600517026
47.8675582907
47.8738157488
47.8743158623
47.8774713985
47.8835969211
47.884052823
47.887233549
47.8907090086
47.8942176945
47.8977161806
47.8980064925
47.9012456801
47.9047520111
47.9050141723
47.9081990701
47.9115948448
47.9149645114
47.9183546171
47.9186158965
47.921731827
47.9251857859
47.9256454794
47.9281802698
47.928449577
47.9314549953
47.9348704841
47.9351412732
47.9391828605
47.943554642
47.9477798185
47.9521779185
47.9525218215
47.9590048088
47.9644267461
47.971912467
47.9801949361
47.9881282423
47.9886807348
48.0023099671
48.0033519199
48.0158252093
48.0288576031
48.02979469
48.0380918761
48.0511846044
48.0526641728
48.060290564
48.0738592082
48.0756241738
48.0884417363
48.0899508477
48.1006747387
48.1020789702
48.1141247144
48.1275652945
48.1394594728
48.1523622996
48.1646899962
48.1773295862
48.1897942599
48.2023811396
48.2155551892
48.2289686792
48.242757785
48.244291862
48.2471940127
48.2506324542
48.2543122357
48.2578312363
48.2612856474
48.2648218775
48.2684600326
48.2722347277
48.2758527484
48.2793264242
48.2826560595
48.2861426828
48.2865193093
48.2895891156
48.2932080551
48.2968228192
48.3005639809
48.3041768214
48.3045792
48.3076532868
48.3111891279
48.3115795469
48.3129967441
48.3134559431
48.3166238044
48.3203612545
48.324548233
48.3321337162
48.3394397772
48.340346544
48.3465295234
48.3475147068
48.3538767112
48.3611923522
48.3620060358
48.3660336182
48.3748443736
48.3756674289
48.3824002032
48.3893153696
48.3960549217
48.4023525887
48.4083973428
48.4153784646
48.4224190332
48.4298538089
48.4307179735
48.4369981187
48.4377729575
48.4440448521
48.4447953207
48.4511775971
48.4583388281
48.4653643746
48.4663381044
48.4727135476
48.4799479013
48.4808257211
48.48370086
48.4872997864
48.492591942
48.4961762558
48.4965387734
48.4987981333
48.4991945367
48.5026538074
48.5063478507
48.5068511602
48.5101540278
48.512462536
48.5152437725
48.5191599892
48.5229438314
48.5233524428
48.5265149749
48.5315212118
48.5353345182
48.5390474509
48.5426989919
48.5463721285
48.550093268
48.5505082479
48.5538056911
48.557310986
48.5610271648
48.5645516228
48.5650463849
48.568181208
48.568641007
48.5719728975
48.5755598017
48.5794356184
48.5830570008
48.5868647718
48.587313
48.5905063669
48.5940361422
48.5944386644
48.5977950282
48.6014550295
48.6050847751
48.6088522039
48.6125469098
48.6129474281
48.6162508501
48.6199994264
48.6234824253
48.6272921281
48.6277650839
48.6310639451
48.6349143204
48.635429432
48.6356261137
48.6409331635
48.6416410435
48.6463627217
48.6523444421
48.6527833344
48.6573678533
48.6619543861
48.665520166
48.668946864
48.6692131845
48.672271278
48.6758916542
48.6795340442
48.6832637753
48.6835845332
48.6892133485
48.6955157016
48.6959704836
48.7016190087
48.7078640854
48.7138266575
48.7143014139
48.7202151037
48.7265896339
48.7328122255
48.7390600062
48.7394963781
48.7452413816
48.7512099014
48.7575550712
48.7639724035
48.7700261631
48.7764641384
48.782290804
48.7826709593
48.7850175244
48.7915200431
48.7977677386
48.8046823783
48.8114332483
48.8183037117
48.8188903766
48.8246840402
48.8311521357
48.8375351738
48.8380542181
48.8436884206
48.8497322679
48.8501655825
48.8505454275
48.8538790942
48.8542040389
48.8574095818
48.8609546141
48.8612274625
48.8647014067
48.868293382
48.87182534
48.8778714962
48.8786021377
48.8809931768
48.8815756093
48.882233636
48.8881725467
48.8889152571
48.8942318229
48.9002298264
48.9008966936
48.9061868452
48.9121388078
48.9179272269
48.9234122803
48.9241482235
48.9292227206
48.935488015
48.9361766876
48.9414486239
48.9472639576
48.9541392099
48.9610085907
48.9680151909
48.9687595715
48.9747388024
48.9754988826
48.9814049126
48.9881045352
48.9888281781
48.9935420576
48.9982675983
49.0029134792
49.0086871158
49.0155837465
49.0226476252
49.0292725505
49.0356021112
49.0421118956
49.048567863
49.0493631026
49.0553986982
49.0622331008
49.0683975867
49.0692148452
49.0746304278
49.081633105
49.0832414605
49.085525445
49.0861342374
49.0912371254
49.0970632396
49.1024593898
49.1030504976
49.1066755262
49.1071406083
49.1107404697
49.1148857407
49.1190815232
49.1234646483
49.1276883884
49.1319750087
49.1363870551
49.1409197429
49.1418192624
49.1457333942
49.1462572784
49.1501245294
49.1544693604
49.155034089
49.1588223218
49.1629101659
49.1672839496
49.1717059986
49.1722167849
49.1760554301
49.1801825093
49.1807232694
49.1845356376
49.1886767184
49.19297041
49.193481237
49.1974042011
49.2018852957
49.2061084145
49.2099727052
49.2142567646
49.2186753429
49.219159523
49.2230322848
49.2235837068
49.2273328112
49.2317110612
49.236153911
49.2366544599
49.2379719141
49.2439118654
49.2500784831
49.2562312943
49.2623793891
49.2686919486
49.2746221911
49.2809194171
49.2870002374
49.2929629105
49.2991042611
49.3050619746
49.3112324053
49.3171191133
49.3235184613
49.3299951746
49.3364981633
49.3446711325
49.346033905
49.3513221081
49.3567773818
49.3627023086
49.3684789798
49.3742474359
49.374790226
49.3765746979
49.377171479
49.3797183824
49.3851576861
49.3889672427
49.3901862455
49.3931822068
49.399209861
49.4052418705
49.4104607626
49.4166394627
49.4230284946
49.4293256923
49.4356614464
49.4420356734
49.4482948637
49.4547898727
49.4613400849
49.4636327489
49.467566015
49.4705055586
49.473965259
49.4770971503
49.4842566178
49.4914513669
49.498692465
49.5054049043
49.5122129013
49.519102025
49.5259845974
49.532728072
49.5392170352
49.5460029895
49.5526684542
49.5598409278
49.5668024661
49.574341724
49.5804779481
49.586785411
49.5917983689
49.5947222154
49.6016754844
49.607794669
49.614365069
49.6212568846
49.6282204717
49.6353303015
49.6424166047
49.6493453053
49.6562878855
49.663289558
49.6700748816
49.6764894919
49.6830454855
49.6896076968
49.6961312403
49.7030621974
49.7098211943
49.7168243294
49.7238347361
49.7304999309
49.7375745343
49.7442076125
49.7514505069
49.758171093
49.7653114663
49.7717006401
49.778501461
49.7854628858
49.7924112572
49.799175233
49.8061980853
49.812984777
49.8197590352
49.8266068849
49.8336465476
49.8404869074
49.8413447926
49.8454295157
49.8489574608
49.8571133207
49.86578384
49.8744359789
49.8830121827
49.8913662205
49.8997763357
49.9084093575
49.9172299604
49.926011472
49.9348239132
49.9428087385
49.9510853685
49.9591929961
49.9668219868
49.9750334393
49.9828521638
49.9909487857
49.9995094297
50.0085702581
50.0175385874
50.0180739937
50.0228451194
50.0310617576
50.0399218131
50.0483009466
50.057246373
50.0657836117
50.0739958989
50.082406302
50.0895348601
50.0966516537
50.1043347232
50.1125961967
50.120984038
50.1296017117
50.1383297727
50.1469640658
50.1557707797
50.1644366595
50.1733463558
50.1819790996
50.1900573785
50.1984562994
50.2070998278
50.2153099628
50.2240908092
50.2320682027
50.2403087719
50.2485884786
50.2552675097
50.2632675818
50.2709606833
50.2788046588
50.2866812296
50.2947001397
50.3030232569
50.3113249849
50.3195457788
50.3276644188
50.3359597848
50.3444860883
50.3530161249
50.3615616828
50.3699482433
50.378272497
50.3867291461
50.3949745673
50.4028337672
50.411015181
50.4193237165
50.4281055735
50.4367410892
50.4455431072
50.4544020005
50.4627430774
50.4710664257
50.4796012618
50.487920463
