112000.0
112012.333333
112022.416666
112046.166666
112070.083333
112093.833333
112117.75
112141.5
112165.416667
112189.166667
112213.083334
112236.833334
112260.750001
112284.500001
112308.416668
112332.166668
112356.083335
112379.833335
112403.750002
112427.500002
112451.416669
112475.166669
112499.083336
112501.416669
112514.750002
112538.666669
112562.416669
112586.333336
112610.083336
112634.000003
112657.750003
112681.66667
112701.66667
112722.333337
112746.083337
112770.000004
112793.750004
112817.666671
112841.416671
112865.333338
112889.083338
112913.000005
112936.750005
112960.666672
112984.416672
113008.333339
113032.083339
113056.000006
113079.750006
113103.666673
113127.416673
113151.33334
113172.250007
113196.166674
113219.916674
113243.833341
113267.583341
113291.500008
113315.250008
113339.166675
113362.916675
113386.833342
113410.583342
113434.500009
113458.250009
113482.166676
113505.916676
113529.833343
113553.583343
113577.50001
113601.25001
113625.166677
113648.916677
113672.833344
113696.583344
113720.500011
113744.250011
113768.166678
113791.916678
113815.833345
113839.583345
113842.500012
113863.333345
113887.250012
113911.000012
113928.416679
113931.250012
113952.166679
113975.916679
113978.916679
113999.750012
114023.666679
114047.416679
114071.333346
114095.083346
114119.000013
114142.750013
114166.66668
114190.41668
114214.333347
114238.083347
114262.000014
114285.750014
114309.666681
114333.416681
114357.333348
114380.666681
114385.500014
114391.916681
114415.833348
114439.583348
114442.583348
114463.416681
114487.333348
114511.083348
114535.000015
114558.750015
114582.666682
114606.416682
114630.333349
114654.083349
114657.000016
114677.833349
114701.750016
114725.500016
114749.416683
114752.250016
114773.166683
114796.916683
114799.916683
114820.750016
114844.666683
114847.500016
114868.416683
114892.166683
114916.08335
114918.916683
114939.83335
114963.58335
114966.500017
114987.33335
114990.33335
115011.166683
115035.08335
115058.83335
115082.750017
115106.500017
115130.416684
115154.166684
115178.083351
115201.833351
115204.833351
115225.666684
115249.583351
115269.916684
115280.333351
115304.083351
115307.083351
115327.916684
115351.833351
115375.583351
115399.500018
115423.250018
115447.166685
115470.916685
115494.833352
115518.583352
115542.500019
115566.250019
115569.250019
115590.083352
115614.000019
115637.750019
115661.666686
115685.416686
115709.333353
115733.083353
115757.00002
115759.833353
115780.75002
115804.50002
115828.416687
115852.166687
115855.166687
115876.00002
115899.916687
115923.666687
115947.583354
115971.333354
115974.250021
115995.083354
116019.000021
116042.750021
116066.666688
116090.416688
116096.333355
116104.416688
116128.333355
116152.083355
116155.083355
116175.916688
116199.833355
116202.583355
116223.500022
116247.250022
116271.166689
116273.916689
116294.833356
116297.583356
116318.500023
116321.333356
116342.250023
116366.000023
116389.91669
116413.66669
116437.583357
116461.333357
116464.333357
116485.16669
116488.083357
116508.91669
116511.833357
116532.66669
116535.583357
116556.41669
116580.333357
116583.16669
116604.083357
116606.833357
116627.750024
116630.583357
116651.500024
116654.250024
116675.166691
116678.000024
116698.916691
116701.750024
116722.666691
116724.250024
116745.166691
116747.916691
116768.833358
116771.666691
116792.583358
116795.333358
116816.166691
116840.083358
116863.833358
116887.750025
116906.833358
116921.666691
116945.416691
116969.333358
116972.083358
116994.000025
117017.750025
117019.666692
117041.500025
117043.416692
117065.250025
117089.166692
117112.916692
117136.833359
117160.583359
117162.500026
117184.333359
117186.250026
117208.083359
117232.000026
117255.750026
117257.666693
117279.500026
117303.416693
117327.166693
117351.08336
117374.83336
117398.750027
117422.500027
117446.416694
117470.166694
117494.083361
117517.833361
117541.750028
117565.500028
117589.416695
117613.166695
117637.083362
117660.833362
117682.166695
117703.083362
117726.833362
117729.750029
117750.666696
117773.500029
117797.416696
117800.166696
117821.083363
117844.833363
117847.75003
117868.583363
117892.50003
117916.25003
117919.166697
117940.00003
117963.916697
117987.666697
118011.583364
118035.333364
118059.250031
118083.000031
118106.916698
118109.666698
118130.583365
118154.333365
118157.250032
118178.083365
118202.000032
118225.750032
118249.666699
118273.416699
118297.333366
118321.083366
118345.000033
118347.750033
118368.6667
118392.4167
118415.1667
118418.000033
118438.9167
118441.6667
118462.583367
118486.333367
118489.333367
118510.1667
118534.083367
118557.833367
118581.750034
118584.500034
118605.416701
118629.166701
118653.083368
118676.833368
118700.750035
118703.500035
118724.416702
118748.166702
118772.083369
118795.833369
118813.250036
118837.166703
118860.916703
118884.83337
118887.58337
118908.500037
118932.250037
118956.166704
118979.916704
119003.833371
119006.583371
119027.500038
119030.250038
119051.166705
119074.916705
119077.833372
119098.666705
119122.583372
119146.333372
119170.250039
119173.083372
119194.000039
119217.750039
119220.750039
119241.583372
119244.500039
119265.333372
119289.250039
119313.000039
119336.916706
119339.666706
119360.583373
119384.333373
119408.25004
119411.00004
119418.75004
119442.666707
119461.166707
119482.00004
119505.916707
119529.666707
119553.583374
119577.333374
119580.250041
119601.083374
119625.000041
119627.750041
119648.666708
119672.416708
119696.333375
119699.083375
119720.000042
119743.750042
119746.666709
119767.500042
119791.416709
119815.166709
119819.416709
119843.166709
119867.083376
119869.833376
119890.750043
119893.583376
119914.500043
119938.250043
119941.16671
119962.000043
119985.91671
120009.66671
120033.583377
120057.333377
120060.250044
120081.083377
120105.000044
120128.750044
120152.666711
120176.416711
120179.333378
120200.166711
120224.083378
120247.833378
120271.750045
120295.500045
120319.416712
120322.166712
120343.083379
120345.833379
120366.750046
120390.500046
120414.416713
120438.166713
120462.08338
120464.83338
120485.750047
120509.500047
120521.83338
120537.416713
120561.166713
120564.166713
120585.000046
120608.916713
120632.666713
120656.58338
120680.33338
120704.250047
120728.000047
120730.916714
120751.750047
120775.666714
120778.500047
120799.416714
120823.166714
120826.083381
120846.916714
120870.833381
120894.750048
120918.500048
120942.416715
120966.166715
120990.083382
121013.833382
121036.000049
121059.666716
121083.583383
121107.333383
121110.25005
121131.083383
121155.00005
121157.75005
121178.666717
121202.416717
121226.333384
121250.083384
121274.000051
121297.750051
121321.666718
121345.416718
121369.333385
121393.083385
121417.000052
121439.833385
121463.750052
121487.500052
121511.416719
121535.166719
121559.083386
121582.833386
121606.750053
121630.500053
121654.41672
121678.16672
121702.083387
121725.833387
121749.750054
121773.500054
121797.416721
121821.166721
121845.083388
121868.833388
121892.750055
121916.500055
121940.416722
121964.166722
121988.083389
122011.833389
122035.750056
122059.500056
122083.416723
122107.166723
122131.08339
122154.83339
122178.750057
122202.500057
122226.416724
122250.166724
122274.083391
122297.833391
122321.750058
122345.500058
122369.416725
122393.166725
122417.083392
122440.833392
122464.750059
122488.500059
122512.416726
122536.166726
122560.083393
122583.833393
122594.00006
122617.916727
122641.666727
122665.583394
122689.333394
122713.250061
122737.000061
122760.916728
122784.666728
122808.583395
122832.333395
122856.250062
122879.666729
122903.583396
122927.333396
122951.250063
122975.000063
122998.91673
123022.66673
123046.583397
123070.333397
123094.250064
123118.000064
123141.916731
123165.666731
123189.583398
123213.333398
123237.250065
123261.000065
123284.916732
123308.666732
123332.583399
123356.333399
123380.250066
123404.000066
123427.916733
123451.666733
123475.5834
123499.3334
123523.250067
123547.000067
123570.916734
123594.666734
123615.333401
123637.166734
123654.916734
123678.666734
123695.666734
123718.416734
123742.166734
123766.083401
123787.250068
123800.416735
123824.166735
123848.083402
123871.833402
123895.750069
123919.500069
123943.416736
123967.166736
123991.083403
124014.833403
124038.75007
124062.50007
124086.416737
124110.166737
124134.083404
124157.833404
124181.750071
124205.500071
124229.416738
124253.166738
124277.083405
124300.833405
124324.750072
124348.500072
124372.416739
124396.166739
124420.083406
124422.916739
124443.833406
124467.583406
124491.500073
124515.250073
124539.16674
124557.500073
124581.41674
124605.16674
124629.083407
124652.833407
124655.750074
124676.583407
124700.500074
124723.750074
124726.666741
124737.750074
124751.333407
124775.083407
124778.000074
124798.833407
124822.750074
124846.500074
124849.416741
124870.250074
124873.166741
124894.000074
124909.083407
124927.083407
124951.000074
124953.750074
124974.666741
124998.416741
125022.333408
125025.083408
125046.000075
125069.750075
125093.666742
125117.416742
125141.333409
125144.083409
125165.000076
125188.750076
125191.666743
125212.500076
125236.416743
125239.166743
125260.08341
125283.83341
125307.750077
125331.500077
125355.416744
125357.000077
125374.58341
125398.500077
125422.250077
125446.166744
125449.000077
125469.916744
125493.666744
125517.583411
125520.416744
125541.333411
125565.083411
125568.083411
125588.916744
125591.833411
125612.750078
125636.500078
125660.416745
125684.166745
125708.083412
125710.916745
125731.833412
125755.583412
125779.500079
125803.250079
125806.166746
125827.000079
125850.916746
125853.666746
125874.583413
125898.333413
125901.25008
125922.083413
125946.00008
125969.75008
125993.666747
126017.416747
126041.333414
126044.083414
126065.000081
126088.416748
126112.333415
126136.083415
126160.000082
126183.750082
126205.666749
126224.583416
126248.500083
126251.250083
126272.16675
126295.91675
126319.833417
126343.583417
126367.500084
126391.250084
126415.166751
126438.916751
126462.833418
126465.583418
126486.500085
126510.250085
126528.416752
126550.333419
126564.083419
126586.000086
126589.083419
126591.916752
126612.833419
126615.583419
126636.500086
126660.250086
126663.250086
126684.083419
126708.000086
126731.750086
126752.666753
126755.416753
126776.33342
126800.08342
126812.916753
126831.500086
126841.500086
126865.416753
126889.166753
126913.08342
126915.916753
126936.83342
126939.58342
126960.500087
126984.250087
126987.166754
127008.000087
127031.916754
127055.666754
127079.583421
127082.333421
127103.250088
127127.000088
127129.916755
127150.750088
127153.666755
127174.500088
127198.416755
127201.166755
127222.083422
127245.833422
127269.750089
127272.500089
127293.416756
127317.166756
127341.083423
127364.833423
127367.75009
127388.583423
127412.50009
127415.25009
127436.166757
127459.916757
127462.833424
127483.666757
127507.583424
127510.333424
127531.250091
127534.000091
127554.916758
127577.666758
127601.583425
127625.333425
127628.250092
127649.083425
127673.000092
127696.750092
127720.666759
127722.416759
127744.333426
127768.083426
127792.000093
127793.750093
127815.66676
127817.41676
127839.333427
127863.083427
127865.083427
127878.833427
127902.583427
127926.500094
127928.250094
127950.166761
127973.916761
127975.833428
127997.666761
128021.583428
128045.333428
128069.250095
128093.000095
128116.916762
128140.666762
128142.583429
128164.416762
128166.333429
128188.166762
128190.166762
128212.000095
128213.916762
128235.750095
128259.666762
128283.416762
128285.333429
128307.166762
128331.083429
128332.833429
128354.750096
128378.500096
128402.416763
128426.166763
128428.08343
128449.916763
128473.83343
128475.58343
128497.500097
128521.250097
128545.166764
128568.916764
128570.833431
128592.666764
128616.583431
128620.250098
128638.500098
128640.416765
128662.250098
128686.166765
128688.000098
128709.916765
128733.666765
128757.583432
128781.333432
128783.250099
128807.000099
128830.916766
128854.666766
128878.583433
128902.333433
128904.333433
128928.2501
128930.0001
128951.916767
128975.666767
128977.583434
128993.500101
129017.416768
129020.166768
129033.166768
129057.083435
129059.833435
129080.750102
129083.500102
129104.416769
129107.166769
129128.083436
129151.833436
129172.666769
129196.583436
129220.333436
129244.250103
129268.000103
129291.750103
129315.66677
129339.41677
129363.333437
129366.083437
129387.000104
129410.750104
129434.666771
129458.416771
129482.333438
129506.250105
129530.000105
129553.916772
129577.666772
129601.583439
129625.333439
129649.250106
129652.000106
129672.916773
129696.666773
129720.58344
129744.33344
129768.250107
129771.000107
129791.916774
129815.666774
129819.083441
129828.583441
129831.500108
129852.333441
129876.250108
129900.000108
129923.916775
129947.666775
129950.583442
129971.416775
129974.333442
129995.166775
130019.083442
130021.833442
130035.750109
130059.666776
130062.416776
130083.166776
130106.916776
130130.833443
130154.583443
130175.416776
130199.333443
130223.083443
130247.00011
130249.75011
130270.666777
130273.416777
130294.333444
130297.083444
130318.000111
130341.750111
130365.666778
130368.416778
130389.333445
130413.083445
130416.000112
130437.833445
130461.583445
130485.500112
130509.250112
130511.916779
130526.666779
130529.416779
130550.333446
130574.083446
130577.000113
130597.833446
130613.166779
130632.416779
130656.166779
130680.083446
130682.916779
130703.833446
130727.583446
130751.500113
130775.250113
130799.16678
130822.91678
130846.833447
130849.583447
130870.500114
130894.250114
130918.166781
130941.916781
130944.916781
130965.750114
130968.666781
130989.500114
131013.416781
131037.166781
131061.083448
131084.833448
131087.750115
131108.583448
131132.500115
131135.250115
131156.166782
131179.916782
131203.833449
131227.583449
131251.500116
131254.250116
131275.166783
131298.916783
131322.83345
131346.750117
131349.500117
131370.416784
131394.166784
131397.166784
131399.000117
131419.916784
131422.666784
131441.000117
131464.916784
131466.750117
131488.666784
131512.416784
131536.333451
131560.083451
131562.000118
131583.833451
131607.750118
131631.500118
131655.416785
131657.250118
131679.166785
131702.916785
131704.833452
131726.666785
131750.583452
131774.333452
131776.250119
131798.083452
131822.000119
131845.750119
131869.666786
131871.416786
131893.333453
131917.083453
131941.00012
131964.75012
131988.666787
132012.416787
132036.333454
132038.083454
132047.000121
132070.916788
132094.666788
132118.583455
132142.333455
132166.250122
132168.083455
132190.000122
132213.750122
132237.666789
132239.416789
132261.333456
132285.083456
132287.000123
132289.750123
132311.583456
132313.583456
132335.416789
132359.333456
132361.083456
132383.000123
132406.750123
132430.66679
132454.41679
132457.333457
132468.91679
132472.500123
132475.41679
132496.250123
132499.16679
132520.000123
132543.91679
132546.66679
132567.583457
132591.333457
132615.250124
132639.000124
132642.000124
132662.833457
132686.750124
132689.583457
132710.500124
132734.250124
132758.166791
132781.916791
132805.833458
132808.583458
132829.500125
132832.250125
132853.166792
132876.916792
132879.916792
132900.750125
132924.500125
132948.416792
132969.333459
132993.083459
133017.000126
133040.750126
133064.666793
133088.416793
133112.33346
133115.08346
133136.000127
133159.750127
133180.58346
133183.500127
133204.33346
133228.250127
133234.416794
133244.583461
133247.333461
133268.250128
133292.000128
133315.916795
133318.666795
133339.583462
133342.333462
133363.250129
133387.000129
133410.916796
133434.833463
133458.583463
133482.50013
133506.25013
133530.166797
133535.25013
133555.75013
133558.583463
133579.50013
133603.25013
133606.25013
133627.083463
133651.00013
133674.75013
133698.666797
133701.416797
133722.333464
133746.083464
133749.000131
133769.833464
133793.750131
133817.500131
133820.416798
133841.250131
133865.166798
133888.916798
133909.750131
133933.666798
133957.416798
133960.333465
133981.166798
133984.083465
134004.916798
134028.833465
134052.583465
134055.500132
134060.666799
134084.416799
134108.333466
134132.083466
134156.000133
134179.750133
134203.6668
134227.4168
134251.333467
134275.083467
134299.000134
134322.750134
134346.666801
134370.416801
134394.333468
134418.083468
134442.000135
134465.750135
134489.666802
134513.416802
134537.333469
134561.083469
134585.000136
134608.750136
134610.666803
134633.666803
134635.666803
134646.08347
134669.83347
134680.500137
134682.33347
134693.250137
134717.166804
134740.916804
134764.833471
134788.583471
134812.500138
134836.250138
134860.166805
134883.916805
134907.833472
134931.583472
134955.500139
134972.333472
134994.666805
135018.416805
135034.083472
135047.083472
135071.000139
135094.750139
135118.666806
135142.416806
135166.333473
135190.083473
135214.00014
135237.75014
135261.666807
135285.416807
135309.333474
135333.083474
135357.000141
135380.750141
135404.666808
135428.416808
135448.000141
135460.750141
135484.666808
135508.416808
135532.333475
135556.083475
135580.000142
135603.750142
135627.666809
135651.416809
135675.333476
135699.083476
135723.000143
135746.750143
135770.66681
135794.41681
135818.333477
135842.083477
135866.000144
135889.750144
135913.666811
135937.416811
135961.333478
135985.083478
136009.000145
136032.750145
136056.666812
136080.416812
136104.333479
136128.083479
136152.000146
136175.750146
136199.666813
136223.416813
136247.33348
136271.08348
136295.000147
136318.750147
136321.666814
136334.000147
136344.08348
136367.83348
136391.750147
136415.500147
136439.416814
136463.166814
136487.083481
136510.833481
136534.750148
136558.500148
136582.416815
136606.166815
136630.083482
136653.833482
136677.750149
136701.500149
136725.416816
136749.166816
136773.083483
136796.833483
136820.75015
136823.083483
136836.416816
136860.333483
136884.083483
136908.00015
136931.75015
136955.666817
136979.416817
137003.333484
137023.333484
137044.000151
137067.750151
137091.666818
137115.416818
137139.333485
137163.083485
137187.000152
137210.750152
137234.666819
137258.416819
137282.333486
137306.083486
137330.000153
137353.750153
137377.66682
137401.41682
137425.333487
137449.083487
137473.000154
137493.916821
137517.833488
137541.583488
137565.500155
137589.250155
137613.166822
137636.916822
137660.833489
137684.583489
137708.500156
137732.250156
137756.166823
137779.916823
137803.83349
137827.58349
137851.500157
137875.250157
137899.166824
137922.916824
137946.833491
137970.583491
137994.500158
138018.250158
138042.166825
138065.916825
138089.833492
138113.583492
138137.500159
138161.250159
